Token	LmAoA	LmCutoff	MaxSurprisal	MinSurprisal	ParamUpper	ParamLower	ParamXmid	ParamScale
a	2.52272434074168	10.5794002574663	14.1367015838623	0.618015110492706	20.4485250661444	0.710275448788271	2.52272434074168	0.607857944759179
about	3.14818248512224	9.72570855976633	15.0770473480225	1.16317868232727	18.2564144201504	1.19500269938226	3.14818248512224	0.643321179271861
above	3.81473448992766	10.9414722598539	16.0037841796875	4.0325026512146	18.3020773445209	3.58086717518696	3.81473448992766	0.823400424496916
after	3.37479264086041	9.59122572283234	14.5634832382202	2.15913891792297	17.0906620125139	2.09178943315079	3.37479264086041	0.704845198617667
airplane	4.81730183359881	12.0699534051257	17.2972183227539	7.92302751541138	16.3757439563802	7.76416285387127	4.81730183359881	0.546177907135494
all	3.08293398042112	10.3128109345728	15.23854637146	1.84612095355988	18.9779356337766	1.64768623536901	3.08293398042112	0.749152927092723
alligator	4.66394657650884	13.6638709377212	18.4789352416992	9.18329524993896	17.4513350270538	9.87640684838859	4.66394657650884	0.373997762862645
am	3.44949930550004	9.63873278182795	16.3424224853516	1.53779900074005	17.3036614919766	1.97380407167929	3.44949930550004	0.408171615708176
and	2.35573671063747	10.5607397770248	12.7225866317749	0.794520437717438	20.4393355972441	0.682143956805596	2.35573671063747	0.752793247106079
animal	4.20502601929261	11.3607383642182	15.8870248794556	6.09116792678833	16.5046034247765	6.2168733036598	4.20502601929261	0.593319739176004
ankle	4.5318922652846	10.9357791628135	16.3297996520996	5.83103036880493	15.8574036260734	6.01415469955364	4.5318922652846	0.524392174968088
another	3.14175692015885	11.6298955606679	15.5666046142578	3.76088523864746	19.8147824006866	3.44500872064911	3.14175692015885	0.895335378147578
any	3.44410987548908	9.55458973410752	14.7009525299072	2.08812308311462	16.8956967877579	2.21348268045714	3.44410987548908	0.608732106771509
apple	4.8041984776921	10.6813755811991	16.9574661254883	6.30679607391357	15.7045631253309	5.65818803706727	4.8041984776921	0.557752961408321
are	3.38578686072789	7.87374430607323	14.7820377349854	0.736572921276093	14.794282637214	0.953205974932459	3.38578686072789	0.371669592724844
arm	3.60266441239296	9.26683917751835	13.7200956344604	2.80848264694214	15.7740358347181	2.7596425203186	3.60266441239296	0.696063428082444
around	3.35771419666284	8.87996951806825	13.9731960296631	2.0614013671875	15.7526550230351	2.00728401310141	3.35771419666284	0.718002404346981
asleep	3.97386532374974	9.39245269290659	16.2951202392578	2.51477932929993	15.796205762213	2.98869962360019	3.97386532374974	0.391266898326597
at	2.8524278424229	10.776953050536	16.3833637237549	0.865058541297913	20.5897004573823	0.964205643689642	2.8524278424229	0.578678595356416
aunt	4.211396021142	9.87401252972365	14.8699626922607	4.21509599685669	15.113340966203	4.63468409324431	4.211396021142	0.452577261256074
awake	4.22458775476461	10.1403084524117	15.6873664855957	4.78876495361328	15.5040710475878	4.77654585723565	4.22458775476461	0.57644714725877
away	3.40869458063398	8.51731540354734	13.642749786377	1.57657253742218	15.104758051804	1.92987275529068	3.40869458063398	0.533915759173569
baby	3.45812485546295	11.8186550917507	15.7909526824951	5.30701398849487	18.5503012164847	5.08700896701672	3.45812485546295	0.86045819650709
babysitter	4.77716927210852	13.5470193608938	18.4001579284668	9.96677207946777	16.1492038591609	10.9448348626268	4.77716927210852	0.380777254746219
back	2.78681634657953	11.0349864956118	14.7072305679321	1.92416262626648	20.1065042219129	1.96346876931063	2.78681634657953	0.740304859486209
backyard	4.23780099071017	12.2949806867174	16.8712387084961	7.07148551940918	17.098132524836	7.49182884859886	4.23780099071017	0.515071378435064
bad	3.610554356603	10.388062318578	15.2143497467041	3.72575640678406	17.0997447807003	3.67637985645574	3.610554356603	0.698817588984944
ball	4.54279678294693	9.69788057444683	14.8309288024902	5.45791578292847	15.7165266921862	3.67923445670746	4.54279678294693	0.909968939625849
balloon	5.05825263814755	11.8782128169903	18.1339092254639	8.36619567871094	16.5824205329546	7.174005101026	5.05825263814755	0.648537265750829
banana	4.55081113166884	13.0684476983111	17.7385330200195	8.91110038757324	16.5393328281921	9.59756256843016	4.55081113166884	0.402967702669607
basement	4.20685416327551	11.3383630959344	16.1064167022705	6.36833047866821	15.4257837481159	7.2509424437529	4.20685416327551	0.586240994911143
basket	4.296682118119	11.8528900703945	17.424768447876	6.49842405319214	16.8301085412835	6.87567159950556	4.296682118119	0.494117605378501
bat	5.00521760511976	10.0251851582736	15.6908502578735	6.07108545303345	15.5232108588591	4.52715945768811	5.00521760511976	0.59383940248211
bath	4.530219885848	11.1301528471392	15.6691646575928	6.49087047576904	16.2535919297109	6.00671376456759	4.530219885848	0.672524207380001
bathroom	3.87689263224745	9.90265289586169	14.8968801498413	3.9046573638916	15.3829546769686	4.42235111475477	3.87689263224745	0.494646152793064
bathtub	4.60057070396828	12.8798933552042	17.46484375	8.57802295684814	16.6831564782676	9.0766302321408	4.60057070396828	0.502048240654272
be	3.20843657594465	7.69674457763377	14.0621004104614	0.529140770435333	14.6656869861075	0.727802169160039	3.20843657594465	0.428880199811792
beach	4.23913241986012	10.1072165167683	14.578914642334	5.2418417930603	15.2933463478515	4.92108668568505	4.23913241986012	0.692151448095783
beads	4.34407936432305	11.4527754203174	17.0895328521729	5.55244731903076	16.8418710715008	6.06367976913397	4.34407936432305	0.430209171637399
beans	4.56618074304206	11.481201291796	17.1368064880371	6.26416921615601	16.2714999287069	6.69090265488506	4.56618074304206	0.501788454968547
bear	4.60039489163002	10.2629787018618	14.6386833190918	6.13073587417603	15.0772314259395	5.44872597778407	4.60039489163002	0.632505148601972
because	3.21570444991655	10.4389166009836	14.9859390258789	2.69509387016296	18.1351946194511	2.74263858251618	3.21570444991655	0.689467095390394
bed	3.49892920500205	9.7958268811694	14.9129371643066	2.51178240776062	17.0019439143206	2.58970984801821	3.49892920500205	0.693052773325484
bedroom	3.87454364130071	9.81750089430493	14.4242124557495	4.26712846755981	14.8308408815767	4.80416090703316	3.87454364130071	0.438021808533467
bee	5.8604024313536	9.50708789479617	16.9417514801025	8.55505180358887	15.8909071869825	3.12326860260984	5.8604024313536	0.581137375906695
before	3.39031373195715	9.48327212013906	14.6088552474976	2.05873346328735	16.9700622802157	1.99648196006242	3.39031373195715	0.703912912072603
behind	3.32837846426564	10.4431052431798	15.3909587860107	2.37728953361511	18.7518910829013	2.13431940345828	3.32837846426564	0.772044048825595
belly	3.55812804924322	12.4198772283011	16.4939880371094	5.97302532196045	19.8161008316299	5.0236536249722	3.55812804924322	1.06955936927419
belt	4.50369144246372	9.80203517710046	15.4008178710938	4.65659618377686	15.8305407288181	3.77352962538281	4.50369144246372	0.695886512869455
bench	4.07547135507037	11.2601539784121	16.2985439300537	5.5809497833252	16.5879499273337	5.93235802949045	4.07547135507037	0.558202746242251
beside	3.67656592701097	9.63219782290419	15.3370199203491	2.65739870071411	15.7998939196973	3.46450172611108	3.67656592701097	0.383108919781648
better	3.60475445513197	9.80716219866321	16.5189018249512	2.76211166381836	17.0546923080709	2.55963208925552	3.60475445513197	0.700151667027292
bib	5.15989397665267	12.1133968372206	18.6688632965088	7.6242470741272	17.5015444411874	6.72524923325384	5.15989397665267	0.424760499754049
bicycle	4.6627235281338	12.8129254199285	17.6623821258545	8.5603084564209	16.6876559723417	8.93819486751535	4.6627235281338	0.437278849853758
big	3.47436554816927	10.8492758681419	14.6171207427979	4.35263347625732	17.6558748568153	4.04267687946851	3.47436554816927	0.830328082262967
bird	4.27293911951173	11.9181482239147	16.5154724121094	6.84374570846558	19.2667491373797	4.56954731044969	4.27293911951173	1.21174821566463
bite	4.24249472499845	9.75378799313085	14.8196105957031	4.31766176223755	14.97174906012	4.53582692614171	4.24249472499845	0.482736851070691
black	3.41235689424946	10.9946795712959	15.0704612731934	4.32669878005981	17.9224385477202	4.06692059487151	3.41235689424946	0.81757490924179
blanket	4.08923230823402	10.7656402722964	15.5392904281616	5.03955841064453	16.424194580211	5.10708596438174	4.08923230823402	0.682449350757123
block	4.66345049348196	10.4931722440749	15.4881687164307	6.84740829467773	15.5915376498085	5.39480683834138	4.66345049348196	0.83525996731628
blow	4.84087586442123	8.90261115928412	15.3625478744507	4.93778228759766	15.3940382225963	2.41118409597193	4.84087586442123	0.913767155368271
blue	3.83248725544566	10.0928982977762	14.9190740585327	4.3502025604248	15.7446310633744	4.44116553217806	3.83248725544566	0.612193374567355
boat	4.18131610898251	10.654607213326	15.6726551055908	5.83909940719604	16.2709698048356	5.03824462181646	4.18131610898251	0.834612505322397
book	3.79909065466557	10.9138347495858	15.6477346420288	4.94207191467285	18.7719317072985	3.05573779187302	3.79909065466557	1.22787628291653
boots	4.12160699958666	10.5004177232377	15.869047164917	4.71189022064209	16.2838064251935	4.717029021282	4.12160699958666	0.627490588111843
bottle	4.05824458514903	9.53310523765257	14.6461763381958	3.87745428085327	14.7847344348137	4.28147604049144	4.05824458514903	0.541435490249582
bowl	4.35442203897244	10.3450694713043	15.4367637634277	5.23886680603027	15.3205763498959	5.36956259271262	4.35442203897244	0.538077906291371
box	3.86982363953166	10.9635014511063	14.6790924072266	5.5285496711731	16.7776923596497	5.14931054256293	3.86982363953166	0.904658977105473
boy	3.6486009930098	10.7876628689244	15.128885269165	5.03174066543579	16.3744196547219	5.20090608312698	3.6486009930098	0.661878370807572
bread	4.29804993941227	11.0346731144286	16.6242427825928	5.21698808670044	16.2882046617605	5.7811415670968	4.29804993941227	0.399865569587127
break	4.00042608240847	10.3085528980395	15.5310573577881	4.34934425354004	17.8682568030185	2.74884899306054	4.00042608240847	1.00346281603592
breakfast	4.33089549192864	10.6307875823839	15.3668441772461	5.33977270126343	15.4613863118448	5.80018885292308	4.33089549192864	0.469581700640658
bring	3.89505600470063	9.09789677793157	13.7427377700806	3.28124141693115	14.6825417075305	3.51325184833264	3.89505600470063	0.600771177751257
broken	4.22919177425107	9.99056605319042	15.4653005599976	5.07995367050171	15.5492147028826	4.43191740349825	4.22919177425107	0.760406032136499
broom	5.16117149851934	11.5184240308853	18.0304756164551	7.9601092338562	17.361045835853	5.67580222591767	5.16117149851934	0.826465282877292
brother	3.42871341499374	11.7036163692614	16.9494285583496	4.01205396652222	19.0055875872204	4.40164515130246	3.42871341499374	0.553340390849689
brown	4.00995054520514	10.047567139524	15.0543870925903	5.1559534072876	14.6858475827142	5.40928669633373	4.00995054520514	0.506430345655896
brush	4.50263548580661	9.91279731414659	15.1381015777588	5.11147832870483	15.1324336914638	4.69316093682938	4.50263548580661	0.595947579166545
bubbles	4.70527110031578	12.698790530358	17.3323135375977	8.64537048339844	16.333711132125	9.06386992859109	4.70527110031578	0.418953815001831
bucket	4.64624053257403	11.2609009783744	16.23948097229	7.05315208435059	15.958979219959	6.56282273678984	4.64624053257403	0.647556255431226
bug	5.14549453104442	11.3950414771832	16.615406036377	8.52351951599121	15.7428259418255	7.04725701254092	5.14549453104442	0.644810866914725
build	4.40128043085323	10.0742953724181	15.1907587051392	4.79825305938721	15.5323110403261	4.6162797045102	4.40128043085323	0.629253653097354
bump	4.88538602164399	11.4065409330593	17.4317569732666	7.23981857299805	15.9712098617814	6.84187200433724	4.88538602164399	0.526853078234903
bunny	5.24162550422835	13.6392809422294	18.4316787719727	10.9791698455811	17.2169817111222	10.0615801733366	5.24162550422835	0.538834429663549
bus	4.59060523368454	9.94140073248304	15.2319087982178	5.82355546951294	14.8033800930305	5.07942137193557	4.59060523368454	0.682466342883596
but	3.09820017636648	8.75619291006839	13.4572401046753	1.42606246471405	15.758722626618	1.75366319351877	3.09820017636648	0.475434952717808
butter	4.52219322985176	10.5975065970161	16.2721691131592	4.96803760528564	15.7745282304831	5.42048496354914	4.52219322985176	0.38502944583694
butterfly	4.86878539812816	12.7835698225441	16.9250144958496	9.20770931243896	16.2759568178194	9.29118282726872	4.86878539812816	0.424406772245808
buttocks	4.53470106739116	13.6919505573842	19.0930061340332	9.15887069702148	17.1567115729021	10.2271895418663	4.53470106739116	0.395272594368105
button	4.25564811176793	9.22574025928471	15.6540641784668	2.63449168205261	15.5949982439102	2.85648227465922	4.25564811176793	0.417846731116021
buy	4.0049325374533	10.3373425895471	15.0235719680786	4.90131139755249	15.4669483007303	5.20773687836399	4.0049325374533	0.596619033780664
by	2.72860885397105	11.8294544635654	15.2374610900879	1.59787607192993	22.8454504657298	0.813458461401012	2.72860885397105	1.02390696201586
bye	4.53205899726263	10.934362818159	16.1890659332275	5.9324631690979	15.1449038449051	6.72382179141298	4.53205899726263	0.387644488575771
cake	4.49612990452039	11.6133291440641	15.7957668304443	6.89757871627808	15.9506049944415	7.27605329368664	4.49612990452039	0.460687911086715
call	3.53955797340853	10.6546945107759	16.1439037322998	3.18180060386658	19.0900045301196	2.21938449143222	3.53955797340853	0.949636267209792
camera	4.62472650958224	10.1939455346624	15.5249767303467	6.15890169143677	16.406755142733	3.98113592659184	4.62472650958224	1.02876361049207
camping	4.70612738209376	12.5555870620105	18.294002532959	7.78300476074219	16.4224601329904	8.68871399103064	4.70612738209376	0.305364573114403
can	3.25067969054761	8.58408844789195	14.2169103622437	1.19250702857971	15.6366940688908	1.53148282689311	3.25067969054761	0.425715496936549
candy	4.76786165967309	12.0462008196769	16.6985321044922	8.52443981170654	15.726479265747	8.36592237360688	4.76786165967309	0.509957908945476
car	3.87840439865105	8.9075901139933	14.233980178833	3.39957308769226	14.8192561645536	2.99592406343301	3.87840439865105	0.775822607735141
careful	4.0171281214748	9.94990198994471	15.7418661117554	3.62676954269409	15.9443712265447	3.95543275334472	4.0171281214748	0.493662197727742
carrots	4.51774308733497	13.3366523469438	17.9968090057373	8.02814292907715	9.52108312701096	17.1522215668767	4.51774308733497	-0.255881396363275
carry	4.10171055982504	10.4540515933308	15.0467090606689	4.96158361434937	16.9674236728852	3.94067951377646	4.10171055982504	0.909968032612369
cat	4.85301668723635	9.79522517854505	14.649377822876	6.53524160385132	14.4625486170005	5.12790174008961	4.85301668723635	0.792366184801047
catch	4.0538275697238	9.62167795194866	14.2529745101929	3.82164573669434	15.7569563005006	3.48639960339671	4.0538275697238	0.75840690361184
cereal	4.58326384185869	12.3172363953279	17.5454750061035	7.02744150161743	16.7043895742326	7.93008321642315	4.58326384185869	0.370190560831861
chair	3.6610921724977	9.80230244222323	14.9990701675415	2.93028807640076	16.525599675125	3.07900520932145	3.6610921724977	0.598761503093876
chalk	4.81017110113942	11.9319754960899	17.5570468902588	7.47001552581787	16.1723658128493	7.69158517933045	4.81017110113942	0.423539618625282
chase	4.8136743090321	10.9744091093741	15.3940591812134	7.97759532928467	15.4923829852483	6.45643523349982	4.8136743090321	0.842887681250781
cheek	3.73014549038265	9.35761025956402	14.8208847045898	2.74427628517151	15.4132178679316	3.30200265119643	3.73014549038265	0.455764090281309
cheese	4.35943381133822	11.3742437143501	16.2994213104248	5.9486780166626	16.1585161078053	6.58997132089486	4.35943381133822	0.422461772991944
chicken	4.6426199828281	11.5192627457629	16.2893047332764	7.0899338722229	15.9181959125129	7.12032957901299	4.6426199828281	0.471083936048983
child	3.6182498234628	11.4833320688801	15.8471984863281	4.79909467697144	18.7885207174772	4.17814342028298	3.6182498234628	0.94666321304388
chin	3.83939491576442	10.0069907449496	14.6344003677368	3.54201459884644	16.9394034943551	3.07457799554415	3.83939491576442	0.809615397141268
chocolate	4.3672878946912	11.0785196070109	15.6789426803589	5.89557027816772	15.8332239039712	6.32381531005062	4.3672878946912	0.436025841803646
choo	5.33280950333334	9.23951103103594	17.9671077728271	3.63949799537659	16.9650047165843	1.51401734548758	5.33280950333334	0.379738161233584
church	4.40535412447951	10.3261713779788	14.7707672119141	5.82035398483276	15.6316560260634	5.02068672989427	4.40535412447951	0.798220902912326
circus	5.08884765727562	13.0596967991187	17.3694553375244	10.1983394622803	16.2326947791623	9.886698819075	5.08884765727562	0.483634144007505
clap	4.80299044749027	11.2437802225814	17.5516376495361	6.27591848373413	15.9231698916128	6.56439055355	4.80299044749027	0.365423697200798
clean	4.29984744961746	10.5892842936925	15.5393800735474	5.36653137207031	16.4138076557783	4.7647609316067	4.29984744961746	0.779127598080424
climb	4.16484183789194	10.3709987459743	15.8259057998657	4.54587650299072	16.4321983988984	4.30979909305025	4.16484183789194	0.671375017341542
clock	4.52494673786391	9.51383694879967	15.7098217010498	4.34239816665649	15.2045708721365	3.82310302546284	4.52494673786391	0.583747073161458
close	3.83447532921431	9.13512241724678	14.868444442749	3.10657167434692	15.1946999274623	3.07554490703126	3.83447532921431	0.600955949344557
closet	4.30174549465774	10.2871233580305	15.1188888549805	5.11324787139893	15.7830365759905	4.79121014007048	4.30174549465774	0.687835915134577
cloud	4.46628387559864	10.3059828496187	15.5313882827759	5.54199600219727	15.1301259004671	5.48183979877025	4.46628387559864	0.587925648672079
clown	4.57864593278252	13.1520270903575	18.0079135894775	9.21831226348877	17.1343384555124	9.16971572520251	4.57864593278252	0.57455646931608
coat	4.02924341730125	10.9076116648276	16.4976902008057	4.50382328033447	17.4084098486819	4.40681348097323	4.02924341730125	0.738056888213674
coffee	4.04085975495803	9.74992742046719	15.698751449585	3.85741448402405	15.1473175324445	4.35253730848988	4.04085975495803	0.439227827281395
coke	4.65383020663034	11.8618147967815	16.7945747375488	7.41905879974365	15.7765799586591	7.94704963490394	4.65383020663034	0.35879240072151
cold	3.84415507863167	10.4725340151601	14.8499631881714	4.73967790603638	16.3860671816713	4.55900084864886	3.84415507863167	0.785650548647945
comb	4.75998992038395	11.7155092794025	17.5038776397705	7.15592765808105	16.1379139393878	7.29310461941727	4.75998992038395	0.498552548962524
cook	4.6561338159872	10.7999856965803	15.2488641738892	6.54529333114624	15.1328086628524	6.46716273030821	4.6561338159872	0.522194197118554
cookie	4.7950745461514	12.1180154221725	17.671459197998	7.70057392120361	16.6184584474887	7.61757239685622	4.7950745461514	0.486005727898731
corn	4.90713099023475	10.8519588092928	16.5908317565918	6.90214729309082	15.387473141798	6.31644447678762	4.90713099023475	0.534231410629216
couch	3.77071556757099	9.94439081775512	15.029390335083	3.53556132316589	15.8132181052331	4.07556353027714	3.77071556757099	0.491041702198892
could	3.23735619345853	8.44112781252195	15.0929365158081	0.914769113063812	15.6028422499048	1.2794133751391	3.23735619345853	0.360053292272966
country	3.89652646921348	11.1674633485021	15.7952356338501	5.35334730148315	18.2369713680371	4.09795532896718	3.89652646921348	1.02453457996394
cover	4.65642723563689	9.47310569374463	15.5343551635742	5.16231822967529	16.8420529534423	2.10415843404697	4.65642723563689	1.07072418678038
cow	4.76493457207361	11.7599574233177	16.1452884674072	8.01491355895996	16.0012273356812	7.51868751095421	4.76493457207361	0.645911421610201
cowboy	4.56033614253122	12.039956745068	16.4245204925537	7.84915065765381	15.7941637305571	8.28574975957897	4.56033614253122	0.38511927330359
cracker	5.05301402963073	13.5693402318081	18.7406063079834	10.0266637802124	16.715694461931	10.4229860016851	5.05301402963073	0.389356707379746
crayon	4.92498828288925	13.3139366155544	19.7730121612549	9.22236633300781	17.5053346880622	9.12253854304655	4.92498828288925	0.546961950695393
crib	4.87956324347275	12.6913488528426	17.7985553741455	8.46409702301025	16.4344776037683	8.94822010191693	4.87956324347275	0.401032838517731
cry	4.07089527649476	9.85582632970185	15.3317737579346	3.80955648422241	15.781106758298	3.9305459011057	4.07089527649476	0.572762594710483
cup	4.14742417508436	9.26108782123302	15.009991645813	3.39635562896729	14.8403166101105	3.68185903235554	4.14742417508436	0.444522199072742
cut	4.2658694124035	9.58391942509486	15.7910289764404	4.58080101013184	18.0746369743067	1.09320187588303	4.2658694124035	1.37508560376077
cute	4.18098867393962	11.2411302683235	16.1371116638184	6.64567565917969	15.3982500789934	7.08401045765351	4.18098867393962	0.468358861491272
daddy	4.47532200685897	11.5525992721067	15.6501712799072	8.0890941619873	15.2559766215624	7.84922192265104	4.47532200685897	0.720687689497645
dance	4.23594157947263	10.5181578571744	15.3246049880981	5.40574026107788	15.5447701749875	5.49154553936128	4.23594157947263	0.516513061830233
dark	3.41155564118945	11.1100032757261	16.09987449646	4.26956558227539	17.7839116657728	4.43609488567948	3.41155564118945	0.647972118596461
day	3.44117737768344	10.0065169479686	15.1270570755005	2.51120924949646	17.5359696873039	2.47706420863322	3.44117737768344	0.699370642600698
deer	4.80963750714718	11.716382900364	16.6304969787598	7.83839130401611	15.6209800731672	7.81178572756077	4.80963750714718	0.488692529124283
diaper	4.7542276804607	11.4158399047279	17.0610008239746	6.65648651123047	16.3317259513244	6.49995385813146	4.7542276804607	0.483827426921625
did	3.19907717161881	9.65766321832704	14.8128871917725	1.5035936832428	17.5202529475723	1.79507348908179	3.19907717161881	0.570526902100588
dinner	3.8818045504859	10.913999143433	16.4982147216797	4.39976692199707	17.3265641461623	4.50143414070373	3.8818045504859	0.633046651670539
dirty	4.32151518675743	11.2490599191255	15.800389289856	6.95831489562988	15.5150983218614	6.98302151638959	4.32151518675743	0.643912439168845
dish	4.78338897904838	10.8245784637138	16.1226940155029	6.48980331420898	15.4578459688409	6.19131095858663	4.78338897904838	0.540973454288614
do	3.24139105649187	8.67849457227236	14.5321063995361	1.2963879108429	15.8789296497955	1.47805949474922	3.24139105649187	0.518627795883543
doctor	3.98007471115098	10.8250962623169	15.0477428436279	5.60496282577515	16.6102512147361	5.03994130989762	3.98007471115098	0.811824404613148
does	3.61475220174746	9.22030293109009	15.9895868301392	1.79507374763489	16.2330952362345	2.20751062594567	3.61475220174746	0.40397144095499
dog	3.65117305035665	12.4211209970686	16.4802627563477	6.50263833999634	19.1470743417883	5.69516765234881	3.65117305035665	1.04706658870078
doll	4.65218720350846	11.1145555025779	16.2609176635742	6.84265422821045	15.2034213668973	7.02568963825842	4.65218720350846	0.429145253688707
donkey	4.77730962144621	13.6459775009091	18.0565891265869	9.93414402008057	17.1231885584693	10.1687664433488	4.77730962144621	0.467445443834013
donut	4.87897198948029	14.4233100095769	19.3297729492188	10.6158075332642	17.2596290029343	11.5869910162194	4.87897198948029	0.314433947179876
door	3.41930327534263	8.78173680950976	14.9051961898804	1.49194693565369	15.7518302773643	1.81164334165523	3.41930327534263	0.461329300652647
down	3.09286859844702	10.5100352019188	15.0443420410156	1.79334926605225	19.0597400959576	1.96033030788002	3.09286859844702	0.673557917804399
downtown	4.53599389949718	11.0487984759846	16.1322841644287	6.49544715881348	15.0044263988679	7.09317055310132	4.53599389949718	0.369805046731875
draw	4.23345955543041	10.6353808229812	15.5275411605835	5.10980939865112	16.2702461116487	5.00051553431365	4.23345955543041	0.656496830005843
drawer	4.25520257973585	9.98864127660741	16.1354694366455	3.20542430877686	15.9001344559713	4.07714809724352	4.25520257973585	0.416336305014931
dress	3.91007769567177	11.2249436265052	16.6923274993896	4.75476264953613	18.0558498512529	4.39403740175751	3.91007769567177	0.753263512799895
drink	4.16603628777671	9.65163702048523	14.4780178070068	4.33266067504883	14.8242546852357	4.47901935573475	4.16603628777671	0.559504337547556
drive	3.90774683681242	11.5046296226162	16.7953586578369	5.07415008544922	18.4959396166468	4.51331962858551	3.90774683681242	0.796644490270117
drop	4.19409314972753	10.416305658955	15.7586069107056	4.59897756576538	18.008860739861	2.8237505780489	4.19409314972753	0.985108780718104
dry	4.35455238008606	10.3454130856448	15.419771194458	5.31026840209961	16.034488705694	4.6563374655956	4.35455238008606	0.702784195181562
dryer	5.43096526388564	10.412428844328	17.9923877716064	7.31150913238525	17.8148809949394	3.00997669371668	5.43096526388564	0.714201741064253
duck	5.10222106029222	11.2298621525048	16.6565399169922	8.06119155883789	15.9057232801906	6.55400102481906	5.10222106029222	0.712253514326895
dump	4.68254895289453	12.0244243009803	16.7365741729736	7.86207103729248	16.8096720214049	7.23917658055562	4.68254895289453	0.637080526486224
each	3.63076717900492	8.92420885352542	14.6181230545044	2.29826927185059	15.257347423318	2.59107028373284	3.63076717900492	0.517881711873249
ear	3.80311742139167	9.31733828023608	15.3140745162964	2.19141960144043	16.3636140802226	2.27106248024955	3.80311742139167	0.537267921888614
eat	4.10910908171108	9.52548010000493	14.0465145111084	4.24034357070923	15.0528937399973	3.99806646001257	4.10910908171108	0.661318184573403
egg	4.91408840452007	11.0939843495754	17.2569541931152	7.313551902771	15.8866900571605	6.30127864199027	4.91408840452007	0.590249470758295
elephant	4.75391474778115	12.9204195182283	17.7654876708984	9.04022312164307	16.9928414866641	8.84799754979258	4.75391474778115	0.562521378308534
empty	3.69743526865334	11.0024590981273	16.3503341674805	4.25992965698242	17.8809122249456	4.12400597130908	3.69743526865334	0.714595387500049
every	3.55580994395963	9.78848408487671	15.5752906799316	1.95083689689636	18.0929591813358	1.48400898841762	3.55580994395963	0.777616625201621
eye	4.07152928308261	8.74291766129316	14.9450445175171	2.53476142883301	14.937247624594	2.54858769799232	4.07152928308261	0.504624080456793
face	3.29437786755835	10.0274483987647	15.086498260498	2.12271904945374	17.8075853690992	2.24731142843028	3.29437786755835	0.61341370196937
fall	3.87066797314266	10.2127770338205	15.9440460205078	3.9940357208252	16.5468135365512	3.87874053108977	3.87066797314266	0.690669183397316
farm	4.5704030105192	10.9215075410548	15.4670677185059	6.73888778686523	14.9826397310758	6.86037535103374	4.5704030105192	0.539677302479169
fast	3.68705987499168	11.1066523558586	15.7185773849487	4.36879253387451	18.1990622734849	4.01424243823228	3.68705987499168	0.804787694864327
feed	4.62571895496593	10.5079811616928	15.4008159637451	6.66929960250854	15.2800688277713	5.73589349561422	4.62571895496593	0.75251185775344
find	3.42427453092696	9.9006410575012	14.9396505355835	2.29112505912781	17.2938630576669	2.5074190573355	3.42427453092696	0.60580581206019
fine	3.60371838170274	10.3527940382886	14.3626937866211	4.30681419372559	15.991457591413	4.71413048516429	3.60371838170274	0.581393823409169
finger	3.60666859298558	10.6389385094452	15.8634920120239	3.04339694976807	18.3102362925989	2.96764072629149	3.60666859298558	0.710593079881554
finish	4.25494146373555	9.73600633095923	14.7530040740967	4.34474945068359	15.0604501085818	4.41156255333665	4.25494146373555	0.598015596568092
first	2.72692119028623	13.1132482258272	16.0012016296387	2.56033039093018	24.3437557382757	1.88274071337866	2.72692119028623	1.03068049467977
fish	4.76795600133837	10.6782572834436	14.9438257217407	7.35843133926392	14.0429389617789	7.31357560510828	4.76795600133837	0.507493264325829
fit	5.217968277861	7.79312305457868	16.0778198242188	4.91004133224487	16.8645053564468	-1.27825924728943	5.217968277861	1.17496031319052
fix	4.13701142301929	11.0493279917296	15.4150094985962	6.13365507125854	16.4466727373743	5.65198324608489	4.13701142301929	0.831474308747563
flag	4.93197942904619	10.0555604074772	16.9413547515869	5.67365312576294	15.6701320268301	4.44098878812436	4.93197942904619	0.580891484063688
flower	4.69311298762843	11.3755296561603	16.1985340118408	7.16652488708496	16.0564297090594	6.69462960326117	4.69311298762843	0.619469250265833
food	3.98181217112195	10.6991789716315	15.5310869216919	4.76668930053711	17.3989544630733	3.99940348018971	3.98181217112195	0.819614976762722
foot	4.11064406297743	9.86630939869503	16.3558330535889	3.56975936889648	16.4243161169188	3.30830268047126	4.11064406297743	0.625242813171128
for	2.86214303808803	9.79000549267896	14.0662698745728	1.04468548297882	18.6717717737839	0.908239211574016	2.86214303808803	0.753317486496789
fork	4.51656572388154	10.5161084021438	16.5300941467285	4.9697847366333	15.6365650247407	5.39565177954698	4.51656572388154	0.48932928419542
french	4.26519397501843	10.5730773191111	16.0186290740967	5.49259185791016	16.8142180544889	4.33193658373322	4.26519397501843	0.887524908811039
friend	3.7381651022685	9.85803119704814	14.815505027771	3.49659323692322	15.8375416047686	3.87852078932768	3.7381651022685	0.530211440954107
frog	5.15324104172901	13.1605230195997	17.2732315063477	10.6046438217163	16.9231368835638	9.39790915563561	5.15324104172901	0.752935203351243
full	3.98047875610656	8.91931244054833	14.1962232589722	3.02346992492676	14.9392401645772	2.89938471651946	3.98047875610656	0.608168491263158
game	3.60231266767609	11.1993296196987	16.1924896240234	3.96525263786316	19.7182127804368	2.68044645896064	3.60231266767609	1.01213479413985
garage	3.96684312802542	11.3213988071109	16.269250869751	5.86632966995239	16.0970724187876	6.54572519543427	3.96684312802542	0.516738482510583
garbage	4.62636631665403	11.4955180230274	16.509105682373	6.80432558059692	15.7256162387563	7.26541980729848	4.62636631665403	0.386102246624523
garden	4.52655459982902	10.6378664366969	15.0643119812012	6.78502368927002	15.7116857663882	5.56404710700567	4.52655459982902	0.901573143430983
gas	4.64489113772373	10.0158838345187	15.1139068603516	5.34416580200195	15.2797266946681	4.75204097436923	4.64489113772373	0.595353014033188
gentle	4.16727754716594	10.330183789168	14.6988191604614	5.30368375778198	14.9630391738898	5.69732840444613	4.16727754716594	0.561658146474131
get	3.00861855856297	10.2886708527694	14.5063953399658	1.74898374080658	18.7517897791512	1.82555192638753	3.00861855856297	0.704512241925024
giraffe	5.05002216025195	14.5506828075571	18.9949493408203	11.2346439361572	17.1302008166623	11.971164798452	5.05002216025195	0.326777026692538
girl	3.37709462298833	11.5113052794189	16.4914798736572	3.89535665512085	18.8998981076876	4.12271245115027	3.37709462298833	0.632522338443961
give	3.55198433435494	8.91929871132172	14.8215751647949	1.54028463363647	16.0955047227495	1.74309269989394	3.55198433435494	0.5215023431447
glass	3.86230168045735	10.3918556479449	16.0414886474609	3.98914313316345	17.1205041704962	3.66320712539368	3.86230168045735	0.722640378478212
glasses	4.49146398069271	9.35675816996493	15.066743850708	3.97630882263184	14.8006789491804	3.91283739074947	4.49146398069271	0.540711726490897
gloves	4.41760253403868	10.7605972813159	16.6485633850098	5.54301023483276	15.2742648608191	6.24692970181262	4.41760253403868	0.363962205871403
glue	5.36128316785877	12.5637587541399	19.003978729248	9.67944145202637	17.3911462606322	7.73637124764763	5.36128316785877	0.59657463605622
go	3.33842764159833	9.15363055833406	13.7771949768066	1.81375312805176	16.3178828242344	1.98937829243372	3.33842764159833	0.608792623119944
good	3.13158413410319	11.1093150826367	15.0522289276123	3.01348900794983	19.3679330277744	2.8506971374991	3.13158413410319	0.802980394723446
goose	4.2536837833945	11.1485105140276	17.6098670959473	4.70678758621216	16.7713706058994	5.52565042215574	4.2536837833945	0.29804166962156
grandma	4.44877428136005	12.4983282341322	16.4965763092041	8.5518970489502	16.2891109313416	8.70754553692287	4.44877428136005	0.520661797954625
grandpa	4.78650072957317	12.1236974834956	16.5799140930176	8.86110305786133	15.6884068144929	8.55898815249836	4.78650072957317	0.54202904815576
grapes	4.77208321988912	13.1851935107988	18.4400768280029	8.90054130554199	16.9587597869178	9.41162723467973	4.77208321988912	0.429559273371591
grass	3.97663807116619	11.0076075790801	15.0525150299072	5.55379486083984	16.6427018162042	5.37251334195595	3.97663807116619	0.786452890641823
green	3.95577865725938	10.4242370769168	14.6597833633423	5.69374418258667	15.0837155278847	5.76475862594888	3.95577865725938	0.617367981711519
gum	4.85802020061554	10.6208176119639	16.4133987426758	5.96590900421143	16.14872117545	5.09291404847774	4.85802020061554	0.526501576170994
hair	3.54617812126151	9.09159963784049	15.201548576355	1.38241863250732	16.9841281174992	1.19907115818178	3.54617812126151	0.678153299333611
hamburger	4.62382921788855	13.0971706578636	17.7835426330566	8.55737113952637	16.6208982513466	9.57344306438069	4.62382921788855	0.338753642451071
hammer	4.43245283488358	12.6242006131822	17.2242698669434	8.3230094909668	17.7777545627213	7.47064666364305	4.43245283488358	0.7888584161556
hand	3.17438773803918	10.270659348223	15.6862640380859	1.50960040092468	18.9613683699936	1.57995032645247	3.17438773803918	0.620483126163003
happy	3.62837642543853	10.462547970281	15.1229524612427	4.22520589828491	16.8382829571119	4.08681298345009	3.62837642543853	0.739011727916015
hard	3.53250191195745	10.1744754512014	15.2208347320557	2.94334650039673	17.5063657449439	2.84258515745897	3.53250191195745	0.710067847780777
hat	4.2788998885997	10.6735209243559	15.8099670410156	5.15845108032227	16.7069215162865	4.64012033242534	4.2788998885997	0.712137206257991
hate	3.87030917136868	10.4335746207842	15.8197059631348	4.26343679428101	16.4399055598358	4.42724368173263	3.87030917136868	0.646079787817514
have	3.15362014444763	8.83783024279023	14.9811019897461	0.879278182983398	16.5815864523699	1.09407403321055	3.15362014444763	0.455391555456486
he	2.76384944621888	9.04937874788155	13.8001756668091	1.00292527675629	16.9051344739379	1.19362302182521	2.76384944621888	0.483084800565758
head	3.06766624266827	10.2723819708668	15.4363126754761	1.49786722660065	18.9824348341098	1.5623291076239	3.06766624266827	0.65294295768369
hear	3.58877590438292	9.3344625961295	15.0183382034302	1.92050004005432	16.481025022156	2.187900170103	3.58877590438292	0.538648579949133
heavy	3.73108698674314	11.2759875150559	15.8316593170166	5.41573333740234	17.3782533145712	5.17372171554054	3.73108698674314	0.798020887843997
helicopter	4.70023323022068	11.1112924833294	16.6596794128418	7.02412796020508	15.5370112391802	6.68557372747865	4.70023323022068	0.619446542253818
hello	4.16602987398652	10.5910092399814	16.5141944885254	4.8779239654541	15.9471270776256	5.23489140233721	4.16602987398652	0.590544305689575
help	3.6322197449979	9.59453700374504	15.4585609436035	2.68810868263245	16.4229420058681	2.76613200162198	3.6322197449979	0.588907818423124
her	2.76187624370368	10.0285350377795	14.13560962677	1.29550933837891	18.5428812189818	1.5141888565773	2.76187624370368	0.545244784541219
here	2.89454493301736	11.7701407634708	15.4493541717529	2.76356363296509	20.852449471663	2.68783205527864	2.89454493301736	0.813432233946886
hi	4.34062029567863	10.0586518499327	15.6284189224243	4.57898139953613	15.640179003484	4.47712469638131	4.34062029567863	0.5796298943953
hide	3.89383713429776	10.4598115579064	15.5023536682129	4.45212697982788	16.8642422521687	4.05538086364413	3.89383713429776	0.778606115290324
high	3.94588933460957	9.75164262575679	15.1431550979614	3.4765739440918	16.9494522387763	2.55383301273728	3.94588933460957	0.835174920827198
him	2.83429573205878	9.79384056490546	14.3812799453735	1.42039370536804	18.0482741968478	1.53940693296313	2.83429573205878	0.634216398107618
his	2.83740610474097	9.65015355692781	14.3266544342041	0.815506875514984	18.2059494577419	1.09435765611372	2.83740610474097	0.514009962067221
hit	3.76711935940634	10.7378069664026	15.562463760376	4.1958909034729	17.7667512015623	3.70886273124283	3.76711935940634	0.819967895409806
hold	3.96313489082668	9.21359043842972	14.6920042037964	3.37500858306885	15.5660067712814	2.86117410557804	3.96313489082668	0.747969992122702
home	3.64247057767691	9.70026461888278	14.7451257705688	3.70534586906433	15.8647592457742	3.53576999199135	3.64247057767691	0.770848960558102
horse	4.1553319893305	10.589227076016	15.737979888916	5.07063293457031	16.8609381518061	4.31751600022591	4.1553319893305	0.791668486380177
hose	5.00612131775672	11.9428348376993	17.0411834716797	8.27053737640381	16.0721691027058	7.81350057269272	5.00612131775672	0.531793027035901
hot	3.79633677191518	10.9358459694391	16.0871105194092	4.56045484542847	17.2567496039597	4.61494233491847	3.79633677191518	0.685859997951663
house	2.29759608332338	15.7263674015422	16.6231136322021	3.71281671524048	28.384640967712	3.06809383537245	2.29759608332338	1.18007698221467
how	3.37501452509628	8.73456380639015	15.653247833252	0.979568481445312	16.3234702882598	1.14565732452051	3.37501452509628	0.449519619566014
hug	4.14479374699236	9.6232566695443	15.7604713439941	3.38755702972412	15.5922659301643	3.65424740892429	4.14479374699236	0.436144829514164
hungry	4.11612513911927	10.6299971338768	15.1684818267822	5.93037557601929	15.0659567802039	6.19403748754969	4.11612513911927	0.516009264314837
hurry	4.11552701569882	10.4056307086286	15.0164308547974	4.92798614501953	15.1254312220595	5.68583019519769	4.11552701569882	0.390193042188953
hurt	3.75330093009474	10.5737138367651	16.024133682251	4.0165958404541	17.0757765908005	4.07165108272963	3.75330093009474	0.626204406071726
i	2.737934288505	8.97029563578014	14.4980306625366	0.67396491765976	17.0956249851515	0.844966286408777	2.737934288505	0.4367172513786
ice	4.21823031134451	10.4615180733788	15.2745819091797	5.19064283370972	15.7117650988385	5.21127104791914	4.21823031134451	0.582932858693288
if	3.281677553997	8.09884311255121	13.9433012008667	0.744601488113403	15.2251254702483	0.972560754854121	3.281677553997	0.465479622943379
inside	3.4534195172492	10.9578184241892	15.4601707458496	3.88872194290161	18.3251288087328	3.59050803964557	3.4534195172492	0.813488786302091
into	3.05686889382985	10.5312274999231	15.7920036315918	1.47224533557892	19.3224337310871	1.74002126875906	3.05686889382985	0.566446175202202
is	3.20890992382214	7.95189977756024	14.160304069519	0.972931385040283	14.8428857861131	1.06091376900737	3.20890992382214	0.534316276555034
it	2.70727006128638	10.3745090134364	13.8268356323242	0.98200511932373	19.6115304433262	1.13748758354656	2.70727006128638	0.643609422860937
jacket	3.92490122434218	10.682841255799	15.4253034591675	4.58196783065796	16.3359860983916	5.02969641320639	3.92490122434218	0.511415746112979
jar	4.67071570054821	11.0302043556879	16.0634670257568	6.72514057159424	15.493896123787	6.56651258758873	4.67071570054821	0.550068467361459
jeans	4.02821685212254	9.32119984885773	15.1343822479248	2.68749690055847	15.5329628712162	3.10943682649927	4.02821685212254	0.462492769988428
jelly	4.83792728254214	12.6409404770594	18.0937175750732	8.20229339599609	16.7399740855298	8.54190686858893	4.83792728254214	0.387333571110739
juice	4.4096075548782	11.0218637982716	16.4089775085449	5.5670485496521	16.0436541971021	6.00007339944106	4.4096075548782	0.427209589222905
jump	4.18975048441659	10.8436674092482	15.3224973678589	5.71198463439941	16.4527028215041	5.23463199699231	4.18975048441659	0.778998269605239
keys	4.04662821514081	11.0088193552515	16.6981372833252	4.80226516723633	17.3142066017478	4.70343210875517	4.04662821514081	0.633774577642749
kick	4.44487988497403	9.58128482310549	14.9675312042236	4.49007272720337	14.4312449238089	4.73132472240208	4.44487988497403	0.462712752322627
kiss	3.95925495693723	8.86690927571217	14.8944902420044	2.89776706695557	14.647256130627	3.08656242079734	3.95925495693723	0.496088939474684
kitchen	3.61721628586942	10.2381271080687	15.4339752197266	3.54345893859863	16.4702071613407	4.00604705479669	3.61721628586942	0.527964694641756
kitty	5.29447491339882	12.457729618598	18.7353839874268	9.67541122436523	16.8690760679002	8.04638316929572	5.29447491339882	0.572073437532775
knee	4.04525385230393	10.7468125881401	16.1017818450928	4.43221616744995	17.5701282885705	3.92349688770975	4.04525385230393	0.773527672723299
knife	3.9470313834513	10.6055869705047	15.3384990692139	4.56825876235962	17.4591313547252	3.75204258628416	3.9470313834513	0.879205220199926
knock	4.11018997480127	9.89158266764655	15.2854166030884	3.64833092689514	15.5643112456525	4.21885408964061	4.11018997480127	0.401219339692338
ladder	4.24176399397945	11.3592578750257	17.1113719940186	5.38870143890381	17.1687019862697	5.54981376378179	4.24176399397945	0.622255059330507
lady	3.96975906479345	10.6130778774404	15.2932968139648	5.13990306854248	15.9086343502429	5.31752140463783	3.96975906479345	0.567094128428747
lamb	5.17130659707264	11.3070505868023	17.2819309234619	8.186110496521	15.8063037817967	6.80779739180781	5.17130659707264	0.520970534181883
lamp	4.63994379722754	10.5377357073234	16.7073860168457	6.01264381408691	16.082490828392	4.99298058625487	4.63994379722754	0.709042232613888
last	3.37346953481771	10.3612990025216	15.9915676116943	2.28305220603943	18.2150600482973	2.50753795674589	3.37346953481771	0.596440417088875
later	3.82542379240235	8.75771208758959	14.2442378997803	2.50962281227112	14.7357009851037	2.77972319007547	3.82542379240235	0.495356398491981
lawn	4.62249114170903	10.2655347390527	15.2783136367798	5.56529188156128	15.1916221723757	5.33944730572961	4.62249114170903	0.522394321542862
leg	4.04280158242792	10.4639921445999	14.7869272232056	5.38570690155029	16.1846333954569	4.74335089374292	4.04280158242792	0.808465060274056
lick	4.25907026765274	11.3623023191092	16.304479598999	5.39170837402344	16.7346653041836	5.9899393340348	4.25907026765274	0.503781993729187
light	3.98959809275429	9.39675796666932	14.1808805465698	4.03753089904785	15.7544047169886	3.03911121635004	3.98959809275429	0.874218218666081
like	3.24069819265086	9.33310618445002	14.446605682373	1.35847580432892	17.3198034546805	1.34640891421953	3.24069819265086	0.668305868855461
lion	4.72759954299288	11.5865331771618	16.400749206543	7.58164167404175	16.7382328146746	6.43483353964898	4.72759954299288	0.806827704579881
lips	3.50576967388535	8.8561843775453	14.1632308959961	1.82378172874451	15.7697705223222	1.94259823276839	3.50576967388535	0.614539587270441
listen	3.90404679293772	9.66181411089872	15.5522508621216	3.48005080223083	15.3552599429884	3.96836827880905	3.90404679293772	0.486056516625121
little	3.25177535578916	10.0962550306451	14.7012958526611	2.64938187599182	17.5193624875049	2.67314757378523	3.25177535578916	0.676501367446979
living	3.7636247979481	10.6931955064005	16.4977550506592	3.70590686798096	17.9150113225621	3.47137969023883	3.7636247979481	0.730043883982497
lollipop	4.82624947721622	14.8113889890604	19.6831665039062	10.4310646057129	17.5553599731508	12.0674180049699	4.82624947721622	0.141586313423562
long	3.48670203129496	9.3470225544681	15.1274271011353	2.21096801757812	16.4919492512545	2.2020958576817	3.48670203129496	0.611575840521362
look	3.53118572943444	8.68887289421983	14.3297996520996	1.91785097122192	15.2318417044232	2.14590408401646	3.53118572943444	0.473565937795646
loud	4.05666391057495	9.17362945896559	15.0985355377197	2.84161710739136	14.9424680482237	3.40479086970747	4.05666391057495	0.36758893307602
love	3.53104605585126	10.083618372335	15.9712467193604	3.03946399688721	17.2762777859929	2.89095895867706	3.53104605585126	0.690382738947395
lunch	4.19414919583893	10.6553254978236	15.8336896896362	4.90875244140625	16.1218050373328	5.18884595831446	4.19414919583893	0.536040052264039
mad	4.37662091929618	9.86055951359755	14.2765207290649	5.409508228302	14.4170751941948	5.3040438330003	4.37662091929618	0.570640864141954
make	3.53511995957259	8.09776871913653	13.7645101547241	1.17702841758728	14.9708946135486	1.22464282472446	3.53511995957259	0.547835156948324
man	3.28082153443124	9.58158380919967	14.2746315002441	2.84109091758728	16.1853090296664	2.97785858873294	3.28082153443124	0.671345641750221
me	3.00133270124822	9.70751373597894	15.4015808105469	1.03990769386292	18.1832710888673	1.23175638309057	3.00133270124822	0.485935307305794
meat	4.43673936390321	10.9803520880334	15.5280714035034	6.32574033737183	15.1051170846837	6.85558709138308	4.43673936390321	0.371600980968697
medicine	4.81470755874139	11.5846746949595	16.0501842498779	7.92719888687134	16.0469893712445	7.1223600186746	4.81470755874139	0.633055172799633
milk	4.60180802067788	11.5190341825625	15.8849143981934	7.06340503692627	16.0879667325958	6.95010163252922	4.60180802067788	0.602896428723574
mine	3.60253636862366	10.2251112073835	14.7770919799805	3.39976978302002	17.0636782618985	3.38654415286851	3.60253636862366	0.688360651472682
mommy	4.76111763028957	12.5102917759317	16.6109924316406	9.55289173126221	15.5311566283386	9.48942692352487	4.76111763028957	0.537632955706836
money	3.89880655619076	10.4969147205932	14.9413681030273	4.58900737762451	16.8554220215946	4.13840741959173	3.89880655619076	0.820878379437035
monkey	4.78290869257698	13.323061222524	16.885311126709	10.5439023971558	15.6562675824178	10.9898548626302	4.78290869257698	0.374320830461239
moo	4.95459424809004	11.2430381206988	17.2918376922607	7.54205131530762	15.7344744059622	6.75160183543535	4.95459424809004	0.531291530569345
moon	4.2688731181069	10.6588103661613	15.4547233581543	5.84169244766235	15.7358552774471	5.58176545487548	4.2688731181069	0.668903090240603
moose	5.17733211075473	14.5209342160507	18.4835300445557	11.8820600509644	16.919490842535	12.1223775895664	5.17733211075473	0.337313542384931
mop	4.89548108156695	10.8622803225236	17.0273780822754	6.41460990905762	15.9713165398928	5.75324410515445	4.89548108156695	0.543250013132906
more	3.30679927396018	10.1372441191118	16.0999507904053	1.86354303359985	18.2008962682163	2.07359197000721	3.30679927396018	0.542397420507642
morning	3.66470441286572	10.062167336351	16.1879749298096	2.54438614845276	17.2550392228698	2.86929544983227	3.66470441286572	0.500957523541041
motorcycle	4.56408023098862	11.646011732689	17.5683307647705	6.80236530303955	15.9720498022596	7.31997366311843	4.56408023098862	0.404400894528565
mouse	5.1496339693987	11.2613914036355	16.8698902130127	8.1754322052002	15.8053710474586	6.71741175981231	5.1496339693987	0.63575024651464
mouth	3.24998542442244	10.8847224736987	16.1694374084473	2.16905832290649	19.51914835334	2.25029659405743	3.24998542442244	0.665670077893431
movie	4.33785819967302	10.3686914486948	16.0677070617676	4.99877119064331	15.8288292688512	4.90855362853841	4.33785819967302	0.610991834949544
much	3.44663738179116	9.02102916238385	15.2357845306396	1.36238622665405	16.5276361926334	1.5144221321343	3.44663738179116	0.527503223707888
muffin	4.52080769357314	12.5744800008319	18.1830215454102	7.36539649963379	16.5796507964337	8.56930920523017	4.52080769357314	0.316290090796122
my	2.90643152705922	9.2247186234692	14.5878219604492	1.05225276947021	17.1488093824389	1.30062786449951	2.90643152705922	0.490824887439483
myself	3.46440220410996	9.79844428988783	15.5327100753784	2.05411005020142	17.4625566285064	2.13433195126926	3.46440220410996	0.666496470009807
nail	4.98089385812055	11.3854003233783	16.60888671875	7.47025680541992	15.7035906026904	7.06721004406613	4.98089385812055	0.493324196079389
nap	4.47970571695633	10.9708097199806	16.4108028411865	5.19184827804565	16.6813301913193	5.26028924864192	4.47970571695633	0.521718983754111
napkin	4.34391491045534	11.0071499771211	16.6046981811523	4.84795475006104	16.2703017150184	5.74399823922388	4.34391491045534	0.406119186172339
naughty	4.60393995059527	12.7143741899129	16.6264724731445	9.19656562805176	16.0683704263826	9.36037795344311	4.60393995059527	0.524579644614201
necklace	4.43240067187656	11.1363256039709	15.8919448852539	6.44740867614746	15.2179004251594	7.05475078278243	4.43240067187656	0.399076916250086
need	3.21138260567272	10.085684694891	15.4525318145752	2.32714891433716	17.6193548180813	2.55201457170066	3.21138260567272	0.569804613829317
new	3.30615191718189	10.6258473325683	15.0073337554932	3.4030909538269	17.7648170023783	3.4868776627583	3.30615191718189	0.736890025715162
next	3.64847767321984	8.79902131298135	14.7578458786011	2.06721138954163	15.2509882340393	2.3470543919234	3.64847767321984	0.475894778753798
nice	3.70702143386673	10.7464895427154	15.3671274185181	4.56638479232788	16.6976242219072	4.79535486352363	3.70702143386673	0.579865653086054
night	3.64989147644206	8.84275230824085	14.3294582366943	2.59668016433716	14.9213727957348	2.7641318207469	3.64989147644206	0.531952687252142
no	3.17767676375534	10.0821772595898	15.7817125320435	1.52616655826569	18.3554376374568	1.80891688172281	3.17767676375534	0.534538062376922
noisy	4.47000205599105	13.5376962837738	18.3424758911133	9.91582107543945	16.2263217412068	10.8490708263408	4.47000205599105	0.29372774389614
none	3.5786479052226	11.0617606129243	16.9400043487549	2.74417781829834	19.4348091530593	2.68871207278923	3.5786479052226	0.709153528002313
noodles	4.87666904154279	13.3414197834284	18.3403701782227	8.85312461853027	17.0397968825835	9.64304268427337	4.87666904154279	0.371467584880519
nose	3.73895276769112	10.4915002105432	15.7038221359253	3.74920511245728	17.7436877236296	3.23931269745682	3.73895276769112	0.818818725384339
not	2.96924563689836	10.2564702014767	16.2080459594727	1.21278834342957	19.1484305556279	1.36450984732543	2.96924563689836	0.567671199818034
now	3.07117443627299	11.0772408269985	14.9675521850586	2.84657406806946	19.2781006107937	2.87638104320337	3.07117443627299	0.75001289846907
nurse	4.40687037714115	10.3526648166188	14.8181381225586	5.73051881790161	14.8086247581764	5.89670487506129	4.40687037714115	0.57212527416799
nuts	4.66026652876297	11.4023599729732	15.9414234161377	7.34163761138916	15.2826920276617	7.52202791828476	4.66026652876297	0.442202891960816
of	2.76635378794123	8.1720694719295	13.3728485107422	0.299937963485718	16.0062767400469	0.337862203812106	2.76635378794123	0.534792911289646
off	3.36229749783995	9.18575262858866	13.8703994750977	2.11600804328918	16.836608710262	1.53489654691532	3.36229749783995	0.892650819968388
old	3.60647481671115	9.91291548098968	14.6972599029541	3.44304585456848	16.379384166004	3.44644679597536	3.60647481671115	0.647693911571897
on	2.79266372979851	11.0864586149057	15.5835208892822	1.20700705051422	21.0028140057343	1.17010322407713	2.79266372979851	0.686919199483249
open	3.95119480064398	7.97113992467802	13.274450302124	2.61538434028625	13.0602253026829	2.88205454667315	3.95119480064398	0.484911736110441
orange	4.21085816823256	11.0023381679002	15.7450942993164	6.0190954208374	15.5844139830656	6.42026235273478	4.21085816823256	0.4661195022676
other	3.40765788988056	9.27615916737506	14.6586513519287	2.0862123966217	16.1803528913053	2.37196544344482	3.40765788988056	0.491782047695665
ouch	4.08350324265028	13.0919564106156	18.0066528320312	8.11444568634033	16.1655772353549	10.0183355858764	4.08350324265028	0.256212036691968
our	3.40184910866197	9.28032646736674	13.7672004699707	2.77649307250977	15.456156086946	3.10449684778748	3.40184910866197	0.595631601581101
out	2.99901305234708	10.4579455617542	15.5331611633301	1.39723944664001	19.3308259359815	1.58506518752682	2.99901305234708	0.580545182454568
outside	3.7214889624489	10.609562346953	15.9099502563477	4.56765508651733	17.0863662105828	4.13275848332318	3.7214889624489	0.861875035643054
oven	4.57791894174901	10.8427207563868	16.9223651885986	4.92468500137329	16.2580968645539	5.42734464821963	4.57791894174901	0.529873904512982
over	2.53422300721916	12.0327727089469	14.3350515365601	2.44189882278442	22.396023165417	1.6695222524769	2.53422300721916	1.14531005937447
owl	4.78355666078902	11.5713251410313	16.7644805908203	7.30519914627075	16.2180090102833	6.92464127177926	4.78355666078902	0.504903932394409
paint	4.82366823000111	10.74569597803	15.9899406433105	6.56680345535278	16.1846199878448	5.30677196821512	4.82366823000111	0.710351687211618
pajamas	4.53061274325565	11.2586962425292	17.2531204223633	6.34656286239624	15.4555925767273	7.06179990833106	4.53061274325565	0.350828714724091
pancake	5.10858590005598	14.1021316413854	19.27170753479	10.1650686264038	17.5634776293045	10.6407856534662	5.10858590005598	0.40635536376017
pants	4.11030820244931	9.79852196342677	14.6283683776855	4.05185556411743	15.7221759590628	3.87486796779074	4.11030820244931	0.679729716382523
paper	4.09804074087362	9.94613185342647	15.3190326690674	4.87278413772583	15.1954137733665	4.69684993348644	4.09804074087362	0.646218324162539
park	4.58707087037067	9.3842138406862	14.2703504562378	5.19527530670166	14.5961837952619	4.1722438861105	4.58707087037067	0.732335370280741
party	4.13276932695835	10.4941791327206	15.1319179534912	5.53810453414917	16.8313389643484	4.15701930109276	4.13276932695835	0.968552556331828
peanut	4.4958787919431	11.2514834963119	17.5939521789551	5.16567182540894	16.5407641329175	5.9622028597064	4.4958787919431	0.31017985598224
peas	4.8885373267099	12.9625681503801	19.1818351745605	8.32023143768311	16.875892731699	9.04924356906124	4.8885373267099	0.414215642140139
pen	4.91554640634421	9.35848250952507	15.221531867981	5.55496597290039	16.2408578477111	2.47610717133903	4.91554640634421	0.945462799710796
pencil	4.553937382061	11.4177028060864	17.2331523895264	6.47439813613892	16.9172033652119	5.91820224696097	4.553937382061	0.692533042214593
penguin	4.81322871203846	12.8290311365963	17.7699871063232	9.03636741638184	16.1304696543936	9.52759261879909	4.81322871203846	0.371594940229689
penis	4.77199865217215	12.4481187014928	17.930046081543	8.13708591461182	16.3109173347298	8.58532006825571	4.77199865217215	0.428128228670601
penny	4.86868323178731	12.9755544400591	17.0064105987549	10.1519422531128	15.9437350169665	10.0073738631517	4.86868323178731	0.490793035062762
people	3.39845843406246	10.806448814324	15.0687465667725	3.63144493103027	18.037428256696	3.57546937195192	3.39845843406246	0.737561861636445
person	3.73601995003922	10.1023296109346	15.1362380981445	3.75499105453491	16.2490565330244	3.95560268884479	3.73601995003922	0.60980292141611
pick	3.77398353582946	9.87516980336407	15.2812118530273	3.16902637481689	16.1631862926944	3.58715331403373	3.77398353582946	0.525669790687075
pickle	4.54221851278045	13.4660603564448	19.5657901763916	8.54877281188965	17.6244603552578	9.30766035763174	4.54221851278045	0.410264655851201
picnic	4.50209363981257	11.3557709809018	17.2653560638428	6.40655517578125	15.858421626191	6.85312033561263	4.50209363981257	0.428520197778816
picture	4.29039314965721	9.99521108161776	14.6009540557861	5.21353721618652	17.4980423773227	2.49237978591282	4.29039314965721	1.25259731469808
pig	4.91509565801405	11.6664986557183	15.8901405334473	8.55175971984863	15.4549110802175	7.87808623121911	4.91509565801405	0.547787016402712
pillow	4.42140182286622	9.58818649380493	15.2322998046875	4.63384485244751	14.6291323584903	4.54724062911956	4.42140182286622	0.599466387351449
pizza	4.57083851156708	11.42149011656	16.1139583587646	6.73010635375977	15.6464332082123	7.19654702490777	4.57083851156708	0.413764613027675
plant	4.71498452763179	11.3103200988331	16.6115989685059	7.19283246994019	16.4761360363856	6.14450416128062	4.71498452763179	0.701573095216171
plate	4.238505049236	10.5362312053558	15.9647846221924	4.87409210205078	16.9877598038726	4.08470260683908	4.238505049236	0.730523113309834
play	4.14062939894683	10.0579334405593	14.976881980896	4.79627227783203	16.2541395091133	3.86172737200537	4.14062939894683	0.861407583926093
playground	5.20228757209105	12.2888863146851	17.89231300354	9.37979507446289	16.2158922928601	8.36188033651011	5.20228757209105	0.57463842694252
please	3.54671752410209	10.5382957282209	15.8480272293091	3.45404171943665	17.3179764369369	3.75861501950493	3.54671752410209	0.595625322044018
police	4.11685455302389	9.45371061288026	14.3736047744751	3.95914888381958	14.4811433467947	4.42627787896581	4.11685455302389	0.467659706301234
pony	5.01270858155875	12.3257919281983	17.2220401763916	8.69722652435303	15.8408068100305	8.81077704636611	5.01270858155875	0.36645941695027
pool	4.47152382507115	10.038252086639	14.636697769165	5.76988506317139	14.5594460094073	5.51705816387068	4.47152382507115	0.587695678863056
poor	4.33819460366396	10.3539692372569	15.5084657669067	5.62206935882568	18.0125351803522	2.69540329416166	4.33819460366396	1.25038410214192
popcorn	4.50598390452883	12.7468057116867	18.0656185150146	7.78633308410645	16.9272468984914	8.56636452488202	4.50598390452883	0.444932966041269
popsicle	4.80986992280988	15.9696612441598	20.1391639709473	12.0893239974976	17.8609366549494	14.0783858333703	4.80986992280988	0.0795327954658347
porch	4.12355427161638	9.81553761212149	15.2707977294922	4.11282873153687	14.857564918766	4.77351030547697	4.12355427161638	0.451971889771065
potato	4.52507036867041	12.3939575991418	18.3534240722656	6.6374454498291	17.0800381898431	7.70787700844052	4.52507036867041	0.355912741478762
pour	4.36692610026237	10.8483961110609	16.6544532775879	4.64244222640991	16.1921947368677	5.50459748525408	4.36692610026237	0.354200310965766
present	4.91882666346924	9.43689756619147	15.7732124328613	5.97558975219727	15.3388979383508	3.53489719403214	4.91882666346924	0.831567630976955
pretend	4.19049822993165	10.1706543416536	15.6409301757812	4.14867353439331	15.8815893449708	4.45971933833641	4.19049822993165	0.521970475583212
pretty	3.5778900651875	10.6651444131427	16.370044708252	3.67661070823669	17.4495478026668	3.88074102361867	3.5778900651875	0.645518869096102
pretzel	4.96620135724785	13.4564872910895	18.3823318481445	9.39149761199951	16.6021576756731	10.3108169065058	4.96620135724785	0.372121864101665
pudding	4.73472423977999	14.4470657004167	18.9623622894287	10.7595539093018	17.4762935461315	11.4178378547019	4.73472423977999	0.381619706998564
pull	3.65731528405339	9.99308659741023	14.7161331176758	3.42915034294128	16.4239729996415	3.56220019517897	3.65731528405339	0.621391392001832
pumpkin	4.80964472876747	13.2620145315406	17.7118530273438	9.33937358856201	16.8121308136573	9.71189824942392	4.80964472876747	0.403398492170502
puppy	4.69263326837615	11.576051660897	17.496223449707	7.534499168396	15.7296270275635	7.42247629423052	4.69263326837615	0.53186995261977
purse	4.1886360045395	9.69188035777201	14.8478670120239	4.32704448699951	14.4973757105485	4.88638500499551	4.1886360045395	0.446598765511703
push	3.69332280286765	11.7434985566074	16.5659275054932	4.89917993545532	18.5551835055734	4.93181360764137	3.69332280286765	0.722005069322844
put	3.5683930188704	9.14762828323774	15.081937789917	2.49102115631104	16.2020888958282	2.09316767064728	3.5683930188704	0.800913563315274
puzzle	4.883555991438	11.1416827544317	17.0223770141602	6.45464611053467	15.5977894452148	6.68557606364852	4.883555991438	0.398053221107851
quack	5.43881929141874	14.9166767230642	19.1765518188477	12.5511407852173	17.4735364084741	12.3598170376543	5.43881929141874	0.335389002252277
quiet	3.91305139885492	10.7923890183938	15.3590211868286	5.48047971725464	16.3333485111375	5.25142952565007	3.91305139885492	0.754479471345196
radio	4.62633522771252	10.0821464634889	14.8406276702881	5.48179531097412	15.0924854610116	5.07180746596619	4.62633522771252	0.608696435555692
rain	4.40500822056247	9.98848898479511	15.7318849563599	5.12272500991821	16.0432978327806	3.93368013680962	4.40500822056247	0.826032991427714
raisin	4.77105763596546	13.5358416188214	19.2785606384277	8.6845703125	17.3613127863198	9.71037045132291	4.77105763596546	0.366737906258061
read	4.07859220162042	9.62025140118018	15.0164623260498	3.96292209625244	15.739825904646	3.50067689771436	4.07859220162042	0.746188280358263
red	3.54477214008615	11.4232456184379	15.9809789657593	4.39455413818359	18.7402273834139	4.10626385346196	3.54477214008615	0.795278866910265
refrigerator	4.43988143610663	11.1585493401685	16.6539268493652	6.00065517425537	15.6869939670066	6.63010471333041	4.43988143610663	0.444231884652759
ride	4.34284223185455	10.0247037527247	15.0984687805176	5.25296211242676	15.1125855766939	4.93682192875544	4.34284223185455	0.634285140733374
rip	4.24028000727465	11.0849750338743	16.6908092498779	5.13598680496216	16.7553252554184	5.41462481233011	4.24028000727465	0.546661564988244
rock	4.44611665421989	10.3885421310826	15.5092849731445	6.12038993835449	18.7005800015298	2.07650426063531	4.44611665421989	1.45727268699592
rocking	4.46747936249384	11.258897243202	17.1129550933838	5.9671049118042	16.1590102188613	6.35878426754277	4.46747936249384	0.430569777486798
roof	3.84365425306705	11.7411997373783	15.8167009353638	5.22408676147461	19.5323546399847	3.95004483477189	3.84365425306705	1.09203965303876
room	3.31515820604746	10.3054351099447	15.9346189498901	2.221848487854	18.1165374612241	2.49433275866522	3.31515820604746	0.553448161510089
rooster	2.77725086779635	14.8424404157465	18.2846050262451	12.9319906234741	14.206548985828	15.4783318456649	2.77725086779635	0.086682769823579
run	3.77420022753572	10.2882995685071	14.5164642333984	4.44392585754395	18.766238098006	1.81036103900821	3.77420022753572	1.4020606150874
sad	3.83569449783582	11.8464289765631	15.8183765411377	6.50955772399902	16.9984226782856	6.69443527484059	3.83569449783582	0.683464053348885
salt	4.6683854832198	10.7184719909359	15.8229942321777	6.09173965454102	15.4457769349745	5.9911670468973	4.6683854832198	0.521078317564814
same	3.3895246543875	9.38445039888638	15.0496845245361	1.35485923290253	17.0766013640017	1.69229943377107	3.3895246543875	0.545999283334534
sandwich	4.55144350896312	10.785349125004	15.8454360961914	5.84541034698486	15.0925529856093	6.47814526439867	4.55144350896312	0.369944414839504
sauce	4.51945460430386	10.9409301140168	17.0615615844727	4.67599010467529	16.3493292511874	5.53253097684617	4.51945460430386	0.408469632864724
say	3.25855844659542	10.5772978883796	16.1012802124023	1.88904428482056	19.042127537057	2.11246823970214	3.25855844659542	0.583924199555677
scared	4.16230742816556	10.0383139963224	15.2590084075928	4.93079805374146	14.760219319102	5.31640867354284	4.16230742816556	0.481576560371855
scarf	4.5610183430086	11.2554721227037	16.4946594238281	6.40157890319824	15.8770062729794	6.63393797242799	4.5610183430086	0.573043466437259
school	4.01610696095771	9.22652155047748	15.0695991516113	3.54559373855591	14.5996639536775	3.85337914727746	4.01610696095771	0.507959167695432
scissors	4.69508575562988	12.6483129662986	17.9918975830078	8.05758571624756	16.8788303039707	8.4177956286265	4.69508575562988	0.477360728426334
see	3.15430686507188	9.90216999725063	14.9228401184082	1.85658800601959	17.8380248866817	1.96631510781957	3.15430686507188	0.65833980333204
shake	3.92769103167386	9.39554258403202	15.5837421417236	2.63463878631592	15.5857399372359	3.20534523082814	3.92769103167386	0.416078058130851
share	4.08772992966373	10.1147721258651	15.5412940979004	4.35404539108276	15.932141078355	4.29740317337523	4.08772992966373	0.612669531303215
she	2.98343230171775	8.00998141240484	13.0092525482178	1.36474466323853	14.3903204826456	1.62964234216407	2.98343230171775	0.392271095584475
sheep	4.63810371712619	12.3350131535487	17.3147354125977	8.06808662414551	16.3241251221557	8.34590118494163	4.63810371712619	0.457930685430548
shh	4.90354097159372	12.7186322546824	17.6335983276367	9.35651969909668	16.3610988062123	9.07616570315241	4.90354097159372	0.797340178588663
shirt	3.91772958008042	9.4064367711471	15.2257089614868	3.13190698623657	15.640347364063	3.17252617823119	3.91772958008042	0.603802659183789
shoe	4.66908623141315	11.2289455902967	16.9264621734619	6.8255934715271	15.9043579693219	6.55353321127157	4.66908623141315	0.586958576684694
shopping	4.49832801348157	10.779407283268	16.1338329315186	5.3545503616333	16.4445315703432	5.11428299619282	4.49832801348157	0.572134823719433
shorts	4.21908839440493	10.2354606824922	16.4085998535156	4.25925254821777	15.3546305972329	5.11629076775154	4.21908839440493	0.357137837109773
shoulder	3.61350187644509	9.35533873143687	14.8569841384888	2.46236371994019	16.0129950553166	2.69768240755713	3.61350187644509	0.541767463811318
shovel	4.4075092754087	11.9415862375923	17.4796981811523	6.63291931152344	16.8552821517557	7.02789032342891	4.4075092754087	0.461343067589937
show	3.92448947374912	10.0053365187712	15.1943960189819	3.85438942909241	17.4245323894724	2.58614064807009	3.92448947374912	0.938541047263354
shower	4.09265978657543	10.0814183297189	15.2540979385376	4.15144681930542	16.2322809050382	3.9305557543996	4.09265978657543	0.669681079949251
sick	4.15281115397516	10.3553187708345	14.9360761642456	5.4180908203125	15.4051581380643	5.30547940360479	4.15281115397516	0.636252619104824
sidewalk	4.04055380857831	10.792215319108	16.0192108154297	5.16993427276611	15.3755768059692	6.20885383224674	4.04055380857831	0.465396056722592
sing	4.55626621512932	10.5799904723878	15.8927021026611	5.57788753509521	15.6604723925129	5.49950855226276	4.55626621512932	0.503051582565251
sink	4.26797979543452	9.99753558166003	15.7530355453491	4.33223056793213	15.8140623980577	4.18100876526237	4.26797979543452	0.581802712306671
sister	3.66338763993749	10.1643249129468	15.2344617843628	4.14197683334351	15.9315600857493	4.39708974014436	3.66338763993749	0.606215229044036
sit	3.85328936068519	9.235466652119	14.5447702407837	2.8594217300415	15.1821441529216	3.28878915131641	3.85328936068519	0.462399150566582
skate	5.03771384329778	13.239287710347	17.777946472168	9.27648735046387	16.5819863961357	9.89658902455824	5.03771384329778	0.307589158427899
sky	3.79124139369071	10.4973354712504	15.9913330078125	3.91731333732605	17.5433544228284	3.45131651967231	3.79124139369071	0.78373772461777
sled	4.88483754877458	13.3204324174457	19.2038059234619	9.07514381408691	17.4408993441089	9.19996549078258	4.88483754877458	0.443401934658586
sleep	3.86478841469541	10.2203902407505	15.784969329834	3.36171269416809	17.7409860084284	2.69979447307265	3.86478841469541	0.798656277916551
sleepy	4.69764754719425	12.0499302811732	16.987865447998	8.06292343139648	15.896201825406	8.20365873694049	4.69764754719425	0.534774482502429
slide	3.94907629276038	10.9423890735502	15.4901151657104	5.27520704269409	15.7861179015316	6.09866024556872	3.94907629276038	0.408387697677209
slipper	5.25376469916421	14.0996030518769	19.4866237640381	10.3796806335449	18.026221146017	10.1729849577368	5.25376469916421	0.348118446028722
slow	4.07766049064607	10.1458682577799	15.7729396820068	4.67223119735718	15.8618857961678	4.42985071939208	4.07766049064607	0.671504294583049
smile	3.74519506681201	8.42704725100259	13.9270448684692	2.3181631565094	14.29517471849	2.55891978351518	3.74519506681201	0.457493096492464
snack	4.64142708217192	12.194162894641	17.738302230835	7.30071115493774	16.1839520325995	8.20437375668246	4.64142708217192	0.430042355559506
snow	4.41954167713031	10.0491325215158	15.1390171051025	5.21047496795654	16.24005110719	3.85821393584152	4.41954167713031	0.855446203528549
so	2.98511842782466	10.5875290228311	15.5069427490234	1.73073101043701	19.5558650315397	1.61919301412247	2.98511842782466	0.710665242982223
soap	4.70919658339441	10.6574605985118	16.5243682861328	5.7657356262207	16.2009422391563	5.11397895786722	4.70919658339441	0.551278687618976
sock	4.95553270787747	12.5361305178425	17.642993927002	8.64009666442871	16.5207009380079	8.55156009767716	4.95553270787747	0.478950815963819
soda	4.4065031057694	12.2182527183484	17.1637783050537	7.01038026809692	16.7791054078156	7.65740002888124	4.4065031057694	0.45243534043188
sofa	3.97767214724389	10.6882854999543	15.618371963501	4.53966617584229	15.9538637618804	5.42270723802814	3.97767214724389	0.390467847783104
soft	3.80214069335657	10.0782314882071	15.6539487838745	4.43985748291016	15.1247729548183	5.03169002159582	3.80214069335657	0.493343730813431
some	3.00059750926932	10.9471445627186	15.1733417510986	2.89997291564941	19.2982398730929	2.59604925234423	3.00059750926932	0.86470243954085
soup	4.44381197220569	12.0076854957747	16.4766330718994	7.02881097793579	16.2112798981747	7.80409109337464	4.44381197220569	0.421864410946551
spill	4.57456463065488	11.2038735356797	17.288932800293	6.27847003936768	15.9568052467973	6.45094182456204	4.57456463065488	0.485787353527479
splash	4.70744506942385	11.3972688365161	16.9868640899658	7.2796835899353	16.1715158947875	6.62302177824472	4.70744506942385	0.65572213323314
spoon	4.32553554799137	11.3286867587862	16.4902191162109	5.93754959106445	16.2351164074457	6.42225711012663	4.32553554799137	0.497811836271678
sprinkler	5.31854810671026	11.5367719731171	18.5124435424805	8.18633270263672	16.1422935421286	6.93125040410569	5.31854810671026	0.536427391447367
squirrel	4.78644160471873	13.3129933724114	18.1688003540039	9.45938205718994	16.6770426667201	9.94894407810271	4.78644160471873	0.416262462328781
stairs	3.8422736932631	8.90191999984935	15.1412563323975	2.31035137176514	14.9718815329995	2.83195846669921	3.8422736932631	0.358089577032985
stand	3.9570653682531	9.57657533555496	14.7535543441772	3.31761527061462	16.3323218451529	2.82082882595701	3.9570653682531	0.724400647479345
star	4.66376459407742	9.69407122932354	14.4616928100586	5.4031810760498	14.6958400486416	4.69230241000549	4.66376459407742	0.600742414726103
stay	3.50293763590154	10.5012202916555	15.9630556106567	3.15322494506836	17.6222136628283	3.38022692048262	3.50293763590154	0.567448638178767
stick	4.32030425981627	11.2125314918461	16.77805519104	6.30093765258789	17.3159339654591	5.10912901823313	4.32030425981627	0.878922594166481
sticky	4.45225620333447	12.5710947129502	17.652286529541	8.07696437835693	16.5886447589163	8.5535446669842	4.45225620333447	0.540520786663689
stone	4.10836516323047	10.8140314560305	15.6201667785645	6.08494853973389	16.6419277766434	4.98613513541763	4.10836516323047	0.9251587081296
stop	3.52697439151388	10.4495892511354	16.1527824401855	2.88528037071228	18.0837293350244	2.81544916724637	3.52697439151388	0.707064919077851
store	4.18789752613423	10.263934290277	15.6047668457031	4.69269180297852	15.9346443756513	4.59322420490266	4.18789752613423	0.600824156487499
story	3.86018996488442	10.6150868740457	15.1262645721436	4.60871601104736	17.6715186304122	3.55865511767916	3.86018996488442	0.986655676151994
stove	4.48632089705776	10.6326683694238	17.111930847168	5.13733959197998	15.8429831263043	5.42235361254327	4.48632089705776	0.513967311546169
strawberry	4.58799392888824	12.9732046324583	18.2204322814941	7.97122001647949	17.1221660686975	8.82424319621918	4.58799392888824	0.401471056800134
street	3.83940117441466	9.66801539767263	14.6119709014893	3.81352734565735	15.4510656293421	3.88496516600316	3.83940117441466	0.641707816557914
stroller	4.81749552421648	14.1903643213594	19.037202835083	9.66510200500488	17.9041826561096	10.4765459866093	4.81749552421648	0.333025998576622
stuck	4.07007803129211	10.4466738782795	15.849479675293	5.26889610290527	15.5114283229505	5.38191943360855	4.07007803129211	0.578545252326534
sun	3.97085928685131	9.52964263421528	15.1655941009521	3.08570337295532	16.4602580401277	2.59902722830286	3.97085928685131	0.741626174542437
sweater	4.16746894872229	11.2806587022428	16.2738342285156	5.54674816131592	16.1314052469638	6.42991215752184	4.16746894872229	0.482195599645704
sweep	4.47420805586229	11.4995101972256	15.7774620056152	6.97949504852295	15.69009483902	7.30892555543124	4.47420805586229	0.522165032461237
swim	4.70878273500926	10.7960126801838	16.1444969177246	6.02444982528687	16.5973227250301	4.99470263533756	4.70878273500926	0.677748679634297
swing	4.84730398386816	10.6991342608376	15.8232917785645	6.75047588348389	15.4383661822165	5.95990233945869	4.84730398386816	0.600564515615105
table	3.61508908911076	9.24227823328076	14.377986907959	2.4293954372406	15.8779065641326	2.60664990242892	3.61508908911076	0.570187905456342
take	3.26717094468678	10.2567324528786	15.4104719161987	2.19747042655945	18.1704925605488	2.34297234520849	3.26717094468678	0.608794794796039
talk	3.41855583586594	11.1088958196741	17.2417964935303	2.39677095413208	19.3443986085599	2.87339303078834	3.41855583586594	0.455991601932915
tape	4.89085617265303	10.0730846580953	15.5919218063354	5.82329559326172	14.9437360118208	5.20243330436988	4.89085617265303	0.525056695015163
taste	4.19600167944358	10.1126290561939	15.729172706604	4.26979398727417	15.9537838630565	4.27147424933121	4.19600167944358	0.561329598225254
teacher	4.55188981597899	10.5830960516851	15.3928508758545	6.02036714553833	15.0617836418324	6.10440846153785	4.55188981597899	0.550518892131504
tear	4.27601031806218	9.46538216499735	15.1741933822632	3.43797206878662	15.2924004265647	3.63836390343001	4.27601031806218	0.491493864147581
telephone	4.88264257392132	10.6169837987017	16.4716014862061	6.77394866943359	14.7991486103202	6.43481898708323	4.88264257392132	0.469752262675591
thank	3.7233129609117	8.53759004720547	15.8940124511719	1.07677865028381	15.5211978717196	1.55398222269134	3.7233129609117	0.274790179518397
that	2.79296433657546	9.56315746756761	13.3886346817017	1.34324538707733	17.7974942485017	1.32882068663352	2.79296433657546	0.678911933249512
the	2.38488373956003	8.47203181314342	11.2903671264648	0.533302843570709	16.3895046390282	0.554558987258631	2.38488373956003	0.61094277224382
their	2.95479601918535	11.3348421412257	15.6784267425537	1.89779829978943	20.5833572489245	2.08632703352686	2.95479601918535	0.70201655358681
them	3.00952476382838	11.1802399152597	15.9356212615967	1.94058704376221	20.1851138959637	2.17536593455571	3.00952476382838	0.612935664524009
then	3.11039079132955	10.6019363166836	15.5948057174683	2.17790269851685	18.7287683195	2.47510431386726	3.11039079132955	0.560586457756945
there	3.16202160694015	9.99548231794608	16.0712718963623	1.36534488201141	18.4071826862106	1.58378194968157	3.16202160694015	0.498831232638136
these	3.42258335426801	10.7256251600145	16.1305465698242	3.46566963195801	17.6734188952856	3.77783142474339	3.42258335426801	0.567273440378211
they	3.12341238352778	9.46816578310155	14.4159879684448	1.68179953098297	16.8246410166864	2.11169054951669	3.12341238352778	0.454807763750778
think	3.3254642517335	9.15367284413826	15.1623754501343	1.32191264629364	16.5569999752119	1.75034571306462	3.3254642517335	0.387876657964486
thirsty	4.55888399177577	12.2136712392948	17.3556365966797	7.52890825271606	15.9673661390141	8.4599763395754	4.55888399177577	0.377902067700976
this	2.65566908587162	11.7518457164963	14.5382518768311	2.43694639205933	21.0277934747174	2.47589795827522	2.65566908587162	0.802000672806632
those	3.516715581864	10.0852763095948	15.0859661102295	3.31860828399658	16.7924735096991	3.37807910949054	3.516715581864	0.661956610705042
throw	4.03466566622254	10.0353399807781	14.5773124694824	4.19941759109497	16.8386144138764	3.23206554767985	4.03466566622254	0.889170399866862
tickle	4.57784683876055	12.190347585491	18.2387065887451	7.41962862014771	16.493332284423	7.88736288655904	4.57784683876055	0.415227123202037
tiger	4.71464846901644	12.6275820615963	15.8276720046997	9.27463531494141	15.6077783077648	9.64738581542785	4.71464846901644	0.410576747629689
time	3.40377869219106	8.84887794053022	14.6466541290283	1.38052868843079	16.2361404273549	1.46161545370553	3.40377869219106	0.571016596366922
tiny	3.69184339287342	11.6602752935695	15.9346771240234	6.28210639953613	16.7890835144773	6.5314670726616	3.69184339287342	0.635781850372275
tired	3.61695657653043	11.4347596668101	16.9276313781738	4.0942440032959	18.5676999270196	4.3018194066007	3.61695657653043	0.635656370515476
tissue	4.69355388287213	11.3836559585717	17.4202079772949	6.49260139465332	16.4643077245927	6.30300419255076	4.69355388287213	0.510097253087858
to	2.76975274977488	7.32018688197041	11.4938488006592	0.359990030527115	14.2308229404359	0.409550823504916	2.76975274977488	0.548465397974376
toast	4.68822933605819	11.1039137392089	15.9853706359863	6.71380186080933	15.5309451870533	6.67688229136442	4.68822933605819	0.48477504442834
today	3.77392750682739	10.5141411487766	15.0252723693848	5.30812501907349	16.1496012276757	4.87868106987754	3.77392750682739	0.90078450056314
tomorrow	4.02818917342193	9.87499405776382	14.5318851470947	3.91579794883728	15.198687670358	4.55130044516965	4.02818917342193	0.482968864892084
tongue	3.79460740064997	9.61571347289605	14.5452461242676	2.65543794631958	16.7404412077461	2.49098573804601	3.79460740064997	0.701733446026537
tonight	3.54264385427913	11.3140966367913	15.5818243026733	5.33482837677002	17.2467243974185	5.38146887616404	3.54264385427913	0.709336594269626
too	3.43725661176638	8.78317767373252	14.1225624084473	2.31910514831543	15.0187569349002	2.54759841256485	3.43725661176638	0.542436315789294
tooth	5.12180001143183	10.5769914479583	17.5331878662109	6.36236572265625	17.7918041652537	3.36217873066295	5.12180001143183	0.809718213491384
toothbrush	4.59779503482464	12.402538576396	18.3456439971924	6.45661544799805	17.2529245208243	7.55215263196771	4.59779503482464	0.364056150534934
touch	3.86923303873249	9.9325723255634	15.0670375823975	4.18231630325317	15.777792779714	4.08735187141279	3.86923303873249	0.66969323035924
towel	4.00894722768517	10.7821947488669	16.6330413818359	3.81261825561523	17.6991254488563	3.86526404887758	4.00894722768517	0.59415607298049
tractor	4.94351808935147	12.5640584599166	17.7909317016602	8.73070430755615	16.1577952677468	8.97032165208635	4.94351808935147	0.444362078652421
train	4.45107207262748	10.9251284207088	16.450647354126	6.23890590667725	16.8949760260738	4.95528081534382	4.45107207262748	0.799395390561402
trash	4.64425101819487	10.8299251466359	15.8694915771484	6.26246023178101	15.2349699202657	6.42488037300601	4.64425101819487	0.428934281882057
tray	4.24160941294166	11.0348190164835	15.8640279769897	5.84797525405884	15.6827608707213	6.38687716224564	4.24160941294166	0.471005965361316
tree	4.09579213324981	10.184118550856	15.5859365463257	4.70747184753418	16.0748455020255	4.29339159968641	4.09579213324981	0.702057237230771
truck	3.93006607136165	11.0128991827805	16.0975742340088	4.92446756362915	17.0625487526624	4.96324961289852	3.93006607136165	0.645253970241826
try	3.39435649534416	10.8454151516808	15.7030582427979	2.91674613952637	18.6875965294441	3.00323377391748	3.39435649534416	0.728488193275492
tummy	4.79399630650885	13.3004464266201	18.0699901580811	9.43069267272949	16.2812135149444	10.3196793382958	4.79399630650885	0.344284106679723
tuna	4.96592238067217	13.8892719001863	19.1351261138916	9.57100868225098	17.420579883132	10.3579639172406	4.96592238067217	0.3156230157663
turkey	4.86019710143909	12.6881649440289	17.4763526916504	9.22460746765137	16.1092823781225	9.26704750993535	4.86019710143909	0.438927778030224
turn	3.72391995975722	10.4340362837049	15.85826587677	2.85472869873047	18.4888381400277	2.37923442738211	3.72391995975722	0.771879115785222
turtle	4.84757490475951	12.841988762682	16.9654846191406	9.65911293029785	15.8457792700373	9.83819825532672	4.84757490475951	0.498465279196941
tv	4.48796695036092	10.1669280570471	15.0170860290527	5.14448308944702	15.1192643448842	5.21459176921006	4.48796695036092	0.486141192434029
uh	3.96108844564602	10.4596144974392	15.8974542617798	4.20033073425293	16.2117354195327	4.70749357534573	3.96108844564602	0.491973226611213
uncle	4.13097216216429	10.6723665099035	15.6931133270264	5.30438232421875	15.9007142868572	5.44401873294972	4.13097216216429	0.554472274216067
under	3.27514337499593	11.8996676551072	16.5123043060303	2.9741632938385	21.9620162727028	1.83731903751162	3.27514337499593	1.03799405006512
up	3.04310923961566	9.75001571210591	14.6013317108154	1.38007462024689	17.9391304953851	1.56090092882672	3.04310923961566	0.601964646627675
us	3.17382839120548	10.6310800404132	15.4531059265137	2.65078067779541	18.3767428034203	2.88541727740601	3.17382839120548	0.611056299875989
vacuum	5.04846475540551	12.2833477551155	17.4445762634277	9.08402252197266	15.9551704635033	8.61152504672769	5.04846475540551	0.533752758823154
vagina	4.96120030454018	12.3550219382021	17.7156867980957	7.91560745239258	16.0297114448601	8.68033243154416	4.96120030454018	0.361008504867064
vanilla	4.52237618928886	12.981286912033	17.8542461395264	7.85540103912354	16.9994597538485	8.96311407021741	4.52237618928886	0.337847074546651
wait	3.78502591091942	9.39502431692132	14.8582782745361	3.2070198059082	15.2368844161595	3.55316421768314	3.78502591091942	0.46428423369443
wake	4.09596142258182	9.36882276540391	15.0948162078857	3.06344652175903	15.695322957715	3.04232257309281	4.09596142258182	0.591265968599049
walk	3.69982361195244	9.84984579816719	14.6507568359375	3.39396858215332	15.7558471090969	3.94384448723748	3.69982361195244	0.555640164851982
walker	4.76112399161662	12.9605866384385	17.1099071502686	9.97672653198242	15.9089320736395	10.0122412032375	4.76112399161662	0.577552818940431
wanna	4.80420985997255	12.0895340258644	20.7929611206055	4.54583120346069	18.427410011738	5.75165803999076	4.80420985997255	0.263440332125375
was	2.89384653296026	8.44810324636144	14.0221490859985	0.495976328849792	16.3425765155006	0.553629977222271	2.89384653296026	0.50812245530131
wash	4.45769340158792	10.3636425117012	15.7672576904297	4.8999719619751	16.0029229652696	4.72436205813279	4.45769340158792	0.556333160545699
washing	4.6376086445318	10.6577802519481	16.4148178100586	5.30857372283936	15.9246290125536	5.39093149134255	4.6376086445318	0.455338931535348
watch	4.11006380830462	9.62531408536285	14.9271697998047	3.95887565612793	15.3301258554589	3.9205023152668	4.11006380830462	0.608841878286295
water	3.21294005042828	12.1511207058433	15.8682804107666	3.86653637886047	21.5327594039794	2.76948200770719	3.21294005042828	1.09822612979975
we	3.10456843863833	9.28289712051681	14.4804611206055	1.78646266460419	16.4435002741074	2.12229396692621	3.10456843863833	0.477302607089288
were	3.21116189901808	9.59827433051574	16.0734214782715	0.784321486949921	18.2650156913278	0.931532969703675	3.21116189901808	0.469081087514781
wet	4.166992448139	9.90370060869541	14.1970090866089	5.02851915359497	14.551394627151	5.25600659023982	4.166992448139	0.584393088123904
what	3.26370685213533	7.99353109061657	14.5515775680542	0.621273934841156	15.2688848193066	0.71817736192654	3.26370685213533	0.481996173433949
when	3.03241145912907	10.5632440273863	15.2488327026367	1.43791460990906	19.5288675573866	1.59762049738604	3.03241145912907	0.615094029243067
where	3.42452404991156	9.38864123058954	15.7577333450317	1.50953125953674	17.2304447334598	1.54683772771927	3.42452404991156	0.616622390397793
which	3.45208946021139	9.29206237309441	14.6418132781982	1.47510647773743	16.957236333751	1.62688841243782	3.45208946021139	0.616847830415615
white	3.47702516960129	11.1216266965565	15.3612642288208	4.84337329864502	17.6936137617578	4.54963963135518	3.47702516960129	0.825503581859573
who	3.42842799512936	8.64201047038549	15.1287794113159	0.76296854019165	16.3671028058496	0.916918134921381	3.42842799512936	0.492046975431208
why	3.39540863578621	9.20998417127737	15.476993560791	1.13306438922882	16.9766570798384	1.44331126271635	3.39540863578621	0.475685852337774
will	3.30480503203419	8.87393448843467	14.1076908111572	2.15293979644775	15.2640301189747	2.48383885789464	3.30480503203419	0.526427460434041
wind	4.10410474360087	10.0486442479327	14.8331432342529	4.24402332305908	16.0879429808792	4.00934551498622	4.10410474360087	0.688675923704392
window	3.45971137790801	10.9427388819843	16.4009552001953	3.20533537864685	18.7186068380311	3.16687092593753	3.45971137790801	0.752868677099148
windy	4.68364574205501	13.9033786896773	19.2456741333008	9.51819801330566	17.1757429660561	10.6310144132985	4.68364574205501	0.320967783887108
wipe	4.22759577335375	9.91161593540071	16.2122764587402	3.00222158432007	16.6248193412081	3.19841252959333	4.22759577335375	0.573294084844429
wish	3.83190835126737	9.62062569130909	15.6640663146973	3.1124107837677	16.1847386416091	3.05651274100907	3.83190835126737	0.64961345687151
with	2.58818777300611	11.1398574977875	14.0198440551758	1.11621606349945	21.4337094308514	0.846005564723543	2.58818777300611	0.851114214225347
wolf	4.26216970556046	11.2381617386154	16.4862041473389	6.89723300933838	17.4590216131418	5.01730186408895	4.26216970556046	1.1012363523547
woods	3.85369192691748	10.906523386992	15.1432619094849	5.38706588745117	16.1222187246851	5.69082804929898	3.85369192691748	0.627599068265669
woof	4.77679874745203	13.891470787387	18.4784049987793	9.60219764709473	16.980200208798	10.8027413659759	4.77679874745203	0.33942927962582
work	3.28935508001603	11.5934074834013	15.8613700866699	3.92278099060059	20.2247621581494	2.96205280865312	3.28935508001603	1.04529317814593
would	3.17090920486777	9.47863707474297	16.0573825836182	0.962842583656311	17.6480978773939	1.30917627209204	3.17090920486777	0.399155561942831
write	4.16132308388631	10.1516590988585	14.8623828887939	4.52312135696411	15.4382528585632	4.86506533915387	4.16132308388631	0.52544644187951
yard	4.21765871717608	10.677660018951	15.3090181350708	5.16300296783447	15.9099022366747	5.44541780122735	4.21765871717608	0.591292262355228
yellow	4.01241271541498	11.1392071388774	15.2736883163452	6.10677719116211	15.6388015687449	6.63961270900991	4.01241271541498	0.554690200515985
yes	3.25184516069388	10.5938832351608	14.6757516860962	3.27429366111755	17.4111597160364	3.77660675428519	3.25184516069388	0.550965797560033
yesterday	4.43200270870674	10.4509495784802	14.9719276428223	5.81194162368774	15.0913664580688	5.81053269889167	4.43200270870674	0.608691795833937
yogurt	4.65896314014156	14.3447694199095	20.1278324127197	8.0412769317627	17.9233507842433	10.7661880555757	4.65896314014156	0.224772978512161
you	2.87607270457899	9.44160531623346	14.7014245986938	0.939709067344666	17.6533896061716	1.22982102629532	2.87607270457899	0.449125314009144
your	3.1013223991664	8.97472518790549	14.434268951416	1.59849202632904	16.1267137720999	1.82273660371107	3.1013223991664	0.572844058718792
yourself	3.86678857102367	9.68020615351655	14.9021606445312	3.05159711837769	16.6327636678061	2.72764863922701	3.86678857102367	0.771316947870052
yum	4.94533347760192	13.1075083011265	18.2120761871338	8.6808385848999	17.0892900062146	9.12572659603836	4.94533347760192	0.378416728309994
zebra	4.87853282756674	14.3752053811641	19.400899887085	9.86697483062744	18.3011862253733	10.4492245369549	4.87853282756674	0.38719558886841
zipper	4.51942899015058	11.0483584634455	16.5810203552246	5.57915353775024	16.376138083666	5.72057884322492	4.51942899015058	0.539917695397787
zoo	4.93520187649712	12.0429211054924	16.6046810150146	8.1718921661377	15.6783908074255	8.4074514035592	4.93520187649712	0.406293832861483
