Token	LmAoA	LmCutoff	MaxSurprisal	MinSurprisal	ParamUpper	ParamLower	ParamXmid	ParamScale
a	2.84280027471193	7.906150131347	14.7362232208252	0.939625382423401	24.9021780376746	0.928157613633219	2.32934223655039	0.576777610753565
about	3.39325842107605	8.45141002428752	15.0728845596313	2.03014516830444	17.9006737396831	1.92105828769775	3.16882905147823	0.607426080560187
above	3.99461435183551	10.1890256096147	14.9158315658569	5.50537633895874	15.4341074563182	5.17161890729966	3.9658368307406	0.64846894739505
after	3.43620564151018	9.05128058684093	14.8019218444824	3.22988629341125	15.6901820120449	2.90851871309309	3.38198841978766	0.698027485744468
airplane	4.83439219277912	12.2281193424485	18.3305511474609	9.58356380462646	16.5480745678725	9.5362572553559	4.63538886071504	0.420715313457975
all	3.37457948788435	8.8406080890916	14.8657579421997	2.8085412979126	18.6072011232494	2.41937304644358	3.06132494382728	0.746987372730236
alligator	4.95413440341394	12.7693838764451	18.9502964019775	10.6660928726196	17.742364210365	10.8098391751308	4.63314276994069	0.344667841486586
am	3.65882788052273	8.51777824652416	14.9826240539551	2.16288161277771	14.2735864771694	2.31649373414734	3.68650984088737	0.371335782083972
and	2.82740589314368	8.19372960818035	14.8774156570435	1.51478433609009	26.3743167935517	1.60821646829635	2.24749320425406	0.57107128956044
animal	4.35711148882511	11.2326242615007	16.0963859558105	7.59257364273071	15.745751603866	7.49618436458077	4.25937471352271	0.517517141243007
ankle	4.55021740698513	11.1288997818254	16.0880870819092	7.38512468338013	15.1507261939348	7.3204375425427	4.52668440591084	0.431713942047821
another	3.51509588773189	9.89712116015178	14.8600273132324	4.92156744003296	15.8651588062565	4.45042513904755	3.44544018550712	0.762022524437157
any	3.52827484042438	8.89559778464061	14.858790397644	2.91852068901062	15.9612430542349	2.82822597455861	3.44024540591883	0.577928832997433
apple	4.71734843751429	11.358503787639	15.7606801986694	7.84433269500732	15.3968830297099	7.67634806394995	4.67996171880822	0.404858898389528
are	3.42085997050737	8.0167390395425	14.8677492141724	1.16080319881439	14.3297410499362	1.09367659540393	3.45873701360734	0.410605035086848
arm	3.66012323073743	9.24031492960674	15.552321434021	3.60795497894287	16.6416674405934	3.52610239178647	3.50413405382891	0.602958657507359
around	3.39792715507125	8.96360453856212	14.8545351028442	3.05453419685364	18.3899009155516	2.79850215809363	3.08561856201789	0.735538568724621
asleep	4.12392545720002	9.05823513758403	15.1813507080078	3.24379539489746	15.2026660554374	3.39788219011585	4.09684634429085	0.32999210440727
at	3.17544254698498	8.0753692675851	14.853832244873	1.2780636548996	19.2134893868064	1.18509036678616	2.89314704130499	0.587794913319137
aunt	4.22620169576646	10.0021543194078	14.8277492523193	5.13163375854492	14.82541950181	5.31374856623734	4.2151492791427	0.38973880367433
awake	4.28709701992157	10.3044118572496	17.6024856567383	5.73614883422852	16.7191291939146	5.60158245781848	4.12780016219262	0.513148041016018
away	3.5285122450643	8.57520636809093	15.2712697982788	2.27773785591125	16.6212092375445	2.25512710379007	3.40306106693093	0.519587748161122
baby	3.75968181522657	10.6731269050859	15.4247188568115	6.47357892990112	17.2770575393048	6.17847510091534	3.4562068954335	0.788703746441988
babysitter	4.81931756619995	12.9785179783128	18.5678482055664	11.084361076355	17.2006816977174	11.3352563715503	4.51050860797333	0.327244376557219
back	3.16583004631503	8.83324631941539	14.8312215805054	2.79381775856018	20.7711114723872	2.67571200840098	2.68256567892321	0.729963735781423
backyard	4.4520235526234	11.398252217891	20.1451377868652	7.92382955551147	18.4110691670243	8.20527791564023	4.0593598588589	0.499072674544948
bad	3.79496453581238	9.87675735247356	15.0926303863525	4.88083982467651	15.4312353175646	4.6015614211773	3.76249904953402	0.629314869859354
ball	4.27781347033245	10.8545260120652	18.6198654174805	6.83637714385986	18.8096523400837	5.43766263518628	3.89494085268103	0.996286779542923
balloon	4.86545196395083	12.4419345546983	18.0946712493896	10.011194229126	17.0964919928024	9.93892866662555	4.56749561909805	0.480300150559191
banana	4.78997742324238	12.4452767063402	17.6809215545654	10.0178785324097	16.8000435604121	10.1889437330606	4.55287404781876	0.360596959897793
basement	4.25465255147756	11.372602193477	16.2588310241699	7.87252950668335	15.6486101035676	7.87616805386656	4.1546781683921	0.496702429538642
basket	4.4727303791824	11.1801273514054	16.3390655517578	7.48757982254028	15.3993051013967	7.5429011502137	4.41625634358609	0.380504328327365
bat	4.84348667688161	11.2275292564653	16.8855781555176	7.58238363265991	15.8106272411747	6.8785725587397	4.81797558674292	0.48648884713766
bath	4.55416065369455	11.322078673961	15.5081453323364	7.77148246765137	15.3894429276873	7.6787940132453	4.50364659493499	0.45876190551754
bathroom	3.9424489719343	9.83396050226909	15.757025718689	4.79524612426758	16.4412561176952	4.75882448172303	3.80253375862597	0.530341238740291
bathtub	4.72735106699145	12.4112205196641	18.5815162658691	9.94976615905762	17.2510459278327	10.0811924404945	4.40293485242698	0.443798845786691
be	3.18451940047029	7.88825559509021	14.9907073974609	0.903836309909821	17.6076124171343	0.869963526162497	3.02145722783766	0.500805887112437
beach	4.13496626976155	10.7398371387742	15.9988346099854	6.60699939727783	16.3864360742421	6.2554281685578	3.98581884905129	0.647210057779001
beads	4.45803623818579	10.7747165848039	18.1037254333496	6.67675828933716	6.99840879350617	16.6175452470472	4.32754126418558	-0.298979282947659
beans	4.66324491296421	11.0871638942979	17.6203098297119	7.3016529083252	16.6276113692525	7.5164846977216	4.50445876799631	0.361436645861092
bear	4.44074363569163	11.2890517402909	15.6777868270874	7.70542860031128	15.4956626424481	7.41095217812599	4.39667842166297	0.54192701642054
because	3.46628777546528	9.19252261412364	14.8680839538574	3.51237034797668	16.9687147187378	3.53325306982058	3.27755162665536	0.593935848139051
bed	3.67569931146328	9.03113171351177	14.8106002807617	3.18958854675293	16.6154755644909	2.92277904936233	3.52558679106132	0.693587896512817
bedroom	3.89781199557635	9.90267059099895	14.8961324691772	4.93266630172729	14.7844944777515	5.04738448972424	3.89511486381059	0.494807745963565
bee	5.19965252019792	12.6600856472276	17.4013328552246	10.4474964141846	16.0547999387117	9.91962119555235	5.11367177221746	0.401606190512644
before	3.41874565079762	9.12152966749889	14.9151926040649	3.37038445472717	17.7694680068568	3.0945677566321	3.16233821339463	0.710116682783221
behind	3.68254401037798	9.16886410010082	15.2910423278809	3.46505331993103	16.6976479617619	3.37925817602476	3.52815088458316	0.587785205985398
belly	4.05309086780195	10.7765354801438	17.9445991516113	6.68039608001709	17.4157242797179	6.81586209689098	3.75816956899681	0.570915901703065
belt	4.35745510936612	10.4192452121995	14.7856388092041	5.96581554412842	14.1691019086264	5.8057155499541	4.45014249866115	0.447169819559198
bench	4.19504176304785	10.6635768104814	15.5129995346069	6.45447874069214	15.729829494133	6.66457660179509	4.08766346890263	0.453921350804377
beside	3.7835894459894	9.22398456824047	14.8796539306641	3.57529425621033	14.4851428443147	3.85068256315843	3.79073895870666	0.338977450162172
better	3.84870284468769	9.42521330607158	15.8159608840942	3.97775173187256	15.7886931697656	3.83349942852846	3.77802548363951	0.546659549307595
bib	5.20150016629323	11.4247052360795	19.3465881347656	7.97673559188843	17.1943134711561	7.59553274192329	5.06681262744309	0.328541882810682
bicycle	4.85567211102281	12.4763469387315	17.4249572753906	10.0800189971924	16.5110184316016	10.1438284204297	4.65528050352994	0.365693937435722
big	3.70536540625221	10.1245736767076	15.4209318161011	5.37647247314453	17.5057997791429	5.08507397872178	3.41701031299676	0.755582271888453
bird	4.41172285085318	11.7419166256211	17.3185024261475	8.61115837097168	16.5360530201584	8.15147855670588	4.21295642121199	0.687489156428509
bite	4.22335459636663	10.2195014644883	15.8101930618286	5.56632804870605	15.2810340876876	5.62819774799693	4.18312095673273	0.412630243572181
black	3.60173875530594	10.015624969127	14.888126373291	5.1585750579834	15.681880831017	4.8575977706054	3.53368293611057	0.724195479296991
blanket	4.15526184658174	10.6667637516282	14.9405794143677	6.46085262298584	15.2480811312965	6.30060354479379	4.12799343135324	0.566879775257113
block	4.41525165796661	11.6936750103257	14.903190612793	8.51467514038086	14.611164562534	8.34933595784195	4.48496253215358	0.510531908652159
blow	4.36376034362446	10.7637159515641	18.0498447418213	6.65475702285767	17.1170574919567	6.15229559025459	4.15661631788797	0.64642616954892
blue	3.81977807808385	10.1156139065049	15.2538642883301	5.35855293273926	15.6014421761084	5.20478699786034	3.75440406164324	0.590413862304003
boat	4.23330529929758	10.9618124653123	15.6985626220703	7.050950050354	16.2891925929876	6.68467765780881	4.091727387904	0.644777931706077
book	3.9622419744099	10.6501521755479	14.9558658599854	6.4276294708252	16.0346091500444	5.81084344168611	3.88090117878614	0.762013368784651
boots	4.21092843884331	10.3661567856095	15.1494445800781	5.85963869094849	15.4601772116905	5.77747621738347	4.16108624404545	0.477073566460003
bottle	4.08033786640562	9.8386721302293	14.7449378967285	4.80466938018799	15.0176862035868	4.66107942808337	4.08019257054499	0.529338174639776
bowl	4.32247906197821	10.6833727051042	17.9205341339111	6.49407052993774	16.9013759119166	6.25944885970063	4.13569344279819	0.548688807988384
box	3.99512407425997	10.9400622535966	14.8347339630127	7.00744962692261	15.3668815331481	6.82673111440566	3.95185874024285	0.589059674390217
boy	3.75220365896572	10.5524723221086	15.5461902618408	6.23226976394653	16.0291910645205	6.27680656732294	3.62394284908765	0.518086648039832
bread	4.48459399975815	10.5203847576402	16.086841583252	6.16809463500977	15.5333475907337	6.15534005084843	4.42826906240838	0.406975934587747
break	4.08859325557598	10.3796541382096	14.8281841278076	5.88663339614868	14.8699737830283	5.28611100493974	4.17416737977276	0.678891415234127
breakfast	4.40619313080346	10.7879681278489	15.1570987701416	6.70326137542725	14.8546822075675	6.8308466760533	4.39556292059132	0.389121767530071
bring	3.80936136446394	9.67711111796123	14.8789329528809	4.48154735565186	15.3319837854739	4.48870888333991	3.76407221777702	0.526056466324304
broken	4.15502497498053	10.7804600883744	17.083854675293	6.68824529647827	16.8199149538469	6.29941593322917	3.95455097652415	0.671699951131624
broom	4.90859620046379	12.283923595073	17.9934616088867	9.69517230987549	16.2513360838576	9.65183059462617	4.75155970681524	0.382703357326189
brother	3.73569157879467	9.94314166796428	15.2968482971191	5.01360845565796	15.7900166446673	5.12756597936839	3.64453538319004	0.469752045301197
brown	3.95281168117678	10.5132283855699	15.1842765808105	6.15378189086914	15.4611605601451	6.07801603238339	3.89539333885502	0.524875318554827
brush	4.32852556673074	10.9087273765824	15.1373977661133	6.94477987289429	14.9417902057452	6.83679919649596	4.33303445025372	0.470138303662437
bubbles	4.83834443594085	12.6374387432359	17.3123950958252	10.4022026062012	16.5790931626009	10.5262778523349	4.61514217795076	0.357488218098179
bucket	4.54959458445599	11.6365561176561	16.7890625	8.4004373550415	16.2995496015077	8.26888466631767	4.38337259648459	0.510766933250879
bug	4.86893780684568	12.4142007519029	16.3180522918701	9.95572662353516	15.7077289305814	9.76460475970768	4.77779223607824	0.418959521489517
build	4.36641971422042	10.6258625675462	15.2265319824219	6.37905025482178	15.1332935317502	6.10296031841616	4.36819491648149	0.518077597641904
bump	4.81401392927069	12.0189895321153	17.2912979125977	9.16530418395996	16.5470185683251	8.83880343055505	4.64754709210102	0.471114287831417
bunny	5.21537169625091	13.3104071308397	18.3502388000488	11.7481393814087	16.618569825281	11.8445626462669	4.96010431707281	0.313611144339064
bus	4.41266775120088	11.0480675388597	16.1806030273438	7.22346019744873	15.8596464201817	6.53230632444212	4.37038684970743	0.666349801690302
but	3.05111755600462	8.42951044333202	14.856463432312	1.98634600639343	19.7744036572356	2.11624969423448	2.74775864193502	0.517575399392013
butter	4.60917811798478	10.66024967921	17.1050052642822	6.44782447814941	16.4565452633277	6.35808043817578	4.48851425879028	0.404776922107684
butterfly	4.9607487286948	12.664176910045	17.8096504211426	10.4556789398193	16.6702639978185	10.258003221238	4.73454589337449	0.443728844585136
buttocks	4.67500698102931	12.3806743313096	19.6469535827637	9.88867378234863	18.0017419033035	10.3809240957993	4.28514799372408	0.377222298777047
button	4.29907223097681	9.21860882532817	14.9759225845337	3.56454277038574	14.8904144273577	3.48772713597448	4.30311387134364	0.390049095956513
buy	4.0893172673016	10.4497549225114	14.7789745330811	6.0268349647522	14.487524707605	6.23318172676469	4.10755455374444	0.420890374336413
by	3.31786385117566	8.73128065359813	14.8353958129883	2.58988642692566	20.9278703433487	2.25601512041996	2.81128049325776	0.800078884863059
bye	4.57025204979265	11.0997199703477	18.2155628204346	7.3267650604248	16.7954985619852	7.4448751687055	4.40432531412032	0.373985417806677
cake	4.56134637142909	11.3992173362992	16.6431732177734	7.92575979232788	15.9776189740355	7.87827909371254	4.4476662407971	0.432865243741491
call	3.86008656170437	9.68060824167949	14.8476696014404	4.48854160308838	15.3474794650356	4.1079691472459	3.84906396903733	0.65734289673181
camera	4.38187635771101	11.2979640651963	16.1636219024658	7.72325325012207	16.015036099133	7.16141179848839	4.2977992413233	0.640218688640761
camping	4.83726581614991	12.0779628444932	18.5069446563721	9.28325080871582	17.0162222295793	9.57310024256832	4.63671053547124	0.295464754377307
can	3.31457403842512	8.25939735663158	14.8581562042236	1.64611983299255	16.4516542499745	1.69270572238481	3.2108035722353	0.469169025721568
candy	4.71224697752429	12.3908505131028	16.401403427124	9.90902614593506	15.6680242302861	9.96693881640179	4.59940629189091	0.374141766714925
car	3.85144033816732	9.65115830195171	17.5413417816162	4.42964172363281	19.3209392199041	3.66879032599203	3.4261571911193	0.88565749441882
careful	4.15269659095061	9.6745981861375	15.4376182556152	4.47652149200439	15.5163650686414	4.7431919205486	4.09249257890287	0.355376482673813
carrots	4.73070870538604	11.9369096447251	19.8236141204834	9.00114440917969	18.3168707011548	9.44421067449738	4.49351975342273	0.252383459356784
carry	4.1294245077474	10.7366091896318	16.6473827362061	6.60054349899292	16.5250353056591	6.53188070259404	3.95461369950025	0.546880722752537
cat	4.34338323246133	11.5494908977769	15.5004205703735	8.2263069152832	16.1770865563751	7.16925010496457	4.29684147896134	0.847234407764609
catch	4.0052364672653	10.0501794506333	15.0957145690918	5.22768402099609	15.7310377154554	5.12705919583933	3.92588580268786	0.554280366595723
cereal	4.77545739554195	11.5365223575853	19.4500885009766	8.2003698348999	17.5406161432041	8.49871574282308	4.54514696416784	0.338042675712438
chair	3.8230340715424	9.17883905661327	16.2021942138672	3.48500323295593	16.1267445134973	3.47337629003762	3.72301815449935	0.507653405839528
chalk	4.85527426038642	11.9946894336961	18.1533718109131	9.11670398712158	16.9911750318172	9.06434168472396	4.65123463535205	0.382373300062886
chase	4.38250169915934	12.5277557064317	19.7642211914062	10.1828365325928	18.1637323687573	10.1523516688865	3.84062031764935	0.627175413175695
cheek	3.83596696153051	9.14926287424785	16.2773017883301	3.4258508682251	16.305753463816	3.59758627167291	3.72532200539442	0.435747740942835
cheese	4.48309854726281	10.9819085289262	17.114574432373	7.09114217758179	16.1325515203638	7.21675551539382	4.3673360585915	0.369455075588303
chicken	4.67147423721826	11.5127014805101	16.9904975891113	8.15272808074951	16.0700574404291	7.71642762367392	4.58328897535478	0.482618251399003
child	3.86638491531439	10.5214447666429	15.4280672073364	6.17021465301514	16.6436932749892	5.9208485979127	3.66075169503771	0.719642598405868
chin	3.95568589644357	9.68048521769268	14.8453054428101	4.48829555511475	16.2628799619951	4.25337031077642	3.82423587446416	0.681120121274707
chocolate	4.48726915240646	10.9054608036302	15.5297346115112	6.93824672698975	15.1867977229929	7.006941981421	4.45142556048404	0.382663765299708
choo	5.09170797905252	9.75333592188579	20.1378154754639	4.63399696350098	17.4340349481709	4.07501825480911	4.99920836239462	0.30623378392219
church	4.21791882934341	11.1442467857621	17.5529861450195	7.41581869125366	17.2375751801977	7.07440876557468	3.94723491009665	0.670688247306683
circus	5.01024554920196	13.0770702053331	17.8303050994873	11.2814655303955	16.7334903334554	11.2290565980792	4.71600824636179	0.431197022316466
clap	4.87612973917861	11.2218336750291	17.7474117279053	7.5709924697876	16.1479858681294	7.66968715569376	4.77875563648727	0.297774556608162
clean	4.29430934251067	10.9547850776933	16.3486747741699	7.03689527511597	15.5093835741771	6.62280590826159	4.26425426661616	0.59974776045868
climb	4.25289820762037	10.3882989574693	17.8755264282227	5.90392303466797	16.8738644996867	5.98250868280017	4.07469917289835	0.46086826421298
clock	4.40409744021189	10.2546651054643	14.9510374069214	5.63665533065796	15.2227019645556	5.21245306719031	4.41198207928974	0.532022678830739
close	3.8523429559715	9.5210063148759	14.8813934326172	4.1693377494812	13.819360571478	4.01840653205335	3.98115041379079	0.521512070130452
closet	4.3152520524269	10.6124660660051	17.8471355438232	6.3522572517395	16.8724311575252	6.12988174592387	4.12511836149774	0.569305379583057
cloud	4.46015808567669	11.0110931087754	15.3542013168335	7.14951133728027	15.4274073413935	6.89890661127766	4.42260473330128	0.526321593989756
clown	4.77641671807466	12.6395148922227	17.7346115112305	10.4063549041748	16.6736493162548	10.4659464719525	4.55088564255899	0.364688277052654
coat	4.16711730767303	10.4428667713426	15.848048210144	6.01305866241455	15.7698746011848	5.81319064443622	4.09010408493982	0.54890730620724
coffee	4.0781843990837	9.91763016474468	14.9368877410889	4.96258544921875	14.6998421226099	4.95177848403837	4.09440812765176	0.430547447982835
coke	4.72374896261157	11.7039913822435	16.9390888214111	8.53530788421631	16.1925878548457	8.58517982700919	4.60249393745657	0.333037644480487
cold	3.86133530602716	10.5649110962175	14.8586750030518	6.25714731216431	14.9064305269099	5.974049455338	3.89854532462302	0.66632865196226
comb	4.85117370773643	11.8566188503526	17.6192474365234	8.84056282043457	16.8154952023744	9.00314374947652	4.64591510947699	0.371413593756078
cook	4.56635778936306	11.656925170543	17.360164642334	8.44117546081543	16.2539959573078	8.1476626663935	4.42792080282848	0.512704110607411
cookie	4.92030579205539	11.9100293804429	17.6888122558594	8.94738388061523	16.6330092457351	8.79496928676093	4.74236847875101	0.42753713167081
corn	4.80801710502434	11.4102701832078	16.828031539917	7.94786548614502	15.9554206675808	6.92531820693486	4.80029452339386	0.579205968102509
couch	3.87287191438449	9.57486149561626	16.0021839141846	4.27704811096191	16.0952010394229	4.53387791191546	3.76862469714428	0.405118518294813
could	3.23131526664923	8.08923414242488	14.8419361114502	1.30579340457916	16.2371409934283	1.31721879828661	3.14606325162116	0.460915540076311
country	4.01532232501971	10.8377046276353	17.323657989502	6.802734375	17.932282872185	6.15298430944388	3.66310941502379	0.848655402835168
cover	4.33163050743189	10.8453373600267	15.5343894958496	6.81799983978271	15.5989835649906	5.74155967171112	4.38658863522939	0.773306146164891
cow	4.73000261456962	12.1975803066514	16.3760433197021	9.52248573303223	15.7313780821903	9.43233158848008	4.63041671632266	0.406071016468844
cowboy	4.63524680761145	11.7756161381028	16.6867446899414	8.67855739593506	8.92822014496634	15.7636692303338	4.53303510880118	-0.303390389299665
cracker	5.23452216955298	12.9433836628221	19.756685256958	11.0140924453735	17.6136012141833	11.0876433218784	4.92595139445654	0.334341144065226
crayon	5.03342577718468	12.7038831402086	20.3677310943604	10.5350914001465	18.2575445869505	10.7193196135523	4.63633999670096	0.38587292068495
crib	5.02763661502608	12.4454917598985	18.8474788665771	10.0183086395264	17.2716369852425	9.60350112997751	4.75940794648929	0.506528276693206
cry	4.11926920624469	9.97731491816265	16.9672775268555	5.08195495605469	16.2268686747669	4.96975414127014	4.00208632573187	0.528896368341377
cup	4.19666529375092	9.5993766475938	18.2984199523926	4.32607841491699	16.8587690214946	4.14540313539596	4.05990992554873	0.478246385772108
cut	4.02844358294686	10.5737116028093	14.9114427566528	6.2747483253479	16.0464489802749	5.25198696684692	4.00338466946998	0.895553047913389
cute	4.29033997962685	11.2206914116166	16.2313213348389	7.56870794296265	15.5353639246379	7.81370696929359	4.20409724489562	0.36513538832244
daddy	4.29758136905656	12.1929969478868	18.7577037811279	9.51331901550293	17.4062549433297	9.65608863965927	3.93781380038073	0.499497597405465
dance	4.2768435732283	10.7024533439897	14.8530960083008	6.53223180770874	14.4535214163058	6.47377046468245	4.33072060567065	0.449537380108347
dark	3.61416860905093	10.0924927879594	14.9301271438599	5.31231069564819	15.7797360047894	5.23088016821156	3.51825174857043	0.611498475008653
day	3.61912125255398	9.16296800863964	14.8333511352539	3.45326113700867	15.4399950252762	3.23678605335562	3.58341159117912	0.6208614788646
deer	4.84418251977229	12.1962132145188	16.3057460784912	9.51975154876709	15.7603676004005	9.38332299319059	4.74709114955103	0.410162633019255
diaper	4.84846315697898	11.4414772678636	18.3562412261963	8.01027965545654	17.2667584352703	7.48490231727812	4.65780275579673	0.492880921309359
did	3.46606361550229	8.52720066797954	14.9079561233521	2.18172645568848	16.5394784688153	2.19609437447158	3.3398914357788	0.535762744850512
dinner	4.13296340403302	10.2273449589036	15.0832138061523	5.58201503753662	15.372052289409	5.45811303236828	4.09497892908857	0.501225447647078
dirty	4.26375464135169	11.5460443187974	19.2580223083496	8.21941375732422	17.7821106227031	8.14819074089374	3.91426234022267	0.575574848519011
dish	4.72884711372183	11.2924017597459	16.7783393859863	7.71212863922119	16.189217593556	7.45718353129922	4.61439042572491	0.46839596370733
do	3.2811452872028	8.34735920918209	14.8295555114746	1.82204353809357	17.6407173100948	1.65847444768119	3.06681616626306	0.651747888666363
doctor	4.08128908119328	10.7751969982408	14.8711528778076	6.67771911621094	15.851509341443	6.13670672340527	4.01408263448168	0.745114445684237
does	3.81903692773892	8.71277591479045	15.0828914642334	2.5528769493103	14.5593897322661	2.68128623130957	3.82952649480126	0.336945281425481
dog	4.07137042648289	11.3322202850602	14.9440088272095	7.79176568984985	15.5966110377514	7.26782532791967	4.03484669915864	0.760365539097134
doll	4.62242672271845	11.3817555595658	16.2497997283936	7.89083623886108	15.5866341070972	7.9773341345622	4.54501632782557	0.366577860106212
donkey	5.03930893445239	13.066162078502	18.2754020690918	11.2596492767334	17.0444672186961	11.2713400108182	4.7516426391794	0.3614125226806
donut	5.10149892737508	13.251597373607	18.7094249725342	11.6305198669434	17.6264868945155	11.9134723946175	4.80179773808463	0.252995254113531
door	3.53099903294342	8.43770632040721	15.4210872650146	2.00273776054382	16.2833864830267	1.98110937154294	3.43549570832514	0.490110775014942
down	3.37499075747503	8.80589529764873	14.9044904708862	2.73911571502686	18.5919213338305	2.58305971781748	3.07908043204309	0.653613579968958
downtown	4.48971347512398	11.3078376938127	16.8088569641113	7.74300050735474	15.9216056098002	7.90759454068414	4.38702535867267	0.336464018251662
draw	4.27820238312419	10.7571448971055	14.8779220581055	6.64161491394043	15.0362742040438	6.68251693063059	4.25524893114888	0.468723717019668
drawer	4.30454920979964	9.70998594057781	16.4752464294434	4.54729700088501	16.0374099035449	4.72388185330049	4.2118871586427	0.388946854002437
dress	4.08835555651794	10.4855212856553	14.8458642959595	6.09836769104004	14.9098287049855	5.75901360309936	4.129180509092	0.617877923458174
drink	4.09687124344509	10.2930664707444	15.1644916534424	5.71345806121826	15.137752846559	5.51876322065642	4.08884072877115	0.548739900006231
drive	4.21786696917847	10.6422815014146	14.8673896789551	6.41188812255859	14.4069134977996	6.24355387576559	4.29961478152007	0.525151460367
drop	4.22268287588763	10.5775544334672	14.9110231399536	6.28243398666382	15.6000505363451	5.64771762308631	4.21016647672365	0.672160172346576
dry	4.42048390233342	10.7961482692979	14.8084440231323	6.7196216583252	14.2012443042411	6.63686378074627	4.50747839298748	0.434820443876413
dryer	5.06150445911589	11.8446144748948	18.8397693634033	8.81655406951904	17.5931509169344	8.50287953588181	4.84664087007649	0.396094642811099
duck	4.79325416485101	12.1857423473619	17.2699279785156	9.49880981445312	15.9171067286894	9.41025225961267	4.67250686053204	0.408003670516466
dump	4.66736215708268	12.0320114780687	17.3627643585205	9.1913480758667	16.1274756815555	9.37842816331278	4.51203984577483	0.357910952420996
each	3.71415917620209	9.04939982187969	14.8433837890625	3.22612476348877	14.5950678768734	3.28207958923528	3.73116855524851	0.434018476273449
ear	3.95671376030037	8.83611807120067	18.089282989502	2.79956126213074	17.6234063650581	2.69585360719539	3.77427623204238	0.508978817310949
eat	4.03505168385769	10.2194730926774	14.8834762573242	5.56627130508423	15.4379525448654	5.50190088266433	3.98234974892022	0.522257604075245
egg	4.78494846432256	11.8871235538743	16.3375568389893	8.90157222747803	15.7667470111572	8.662566205097	4.70529604966067	0.430687647906743
elephant	4.88389227030117	12.5433926273607	17.4146156311035	10.2141103744507	16.3385464832455	10.3770193887399	4.6639780048588	0.392234414044103
empty	3.99773123387316	10.0770139385484	16.0066986083984	5.28135299682617	15.6345492646457	5.35782880794346	3.91580942271257	0.500993898930972
every	3.75769897357808	8.85337170851451	14.9121055603027	2.83406853675842	15.4803214233806	2.53851892178285	3.72808917576409	0.613799471934446
eye	4.08807709750235	9.09224232924205	15.450098991394	3.3118097782135	14.8143674500345	3.24487257044782	4.09736183056926	0.428822651007071
face	3.37579772811756	8.82958504450542	14.8683490753174	2.78649520874023	17.9882581947745	2.39952017228231	3.10611409399932	0.762428358495319
fall	4.05470056014446	10.0679199386857	14.8145437240601	5.26316499710083	14.6314501001	5.14709587146199	4.09225073060533	0.498148126694225
farm	4.43589985379832	11.6334223438523	20.2989959716797	8.39416980743408	18.1245094658269	8.21307814041016	4.08788906199878	0.543182233761211
fast	3.99426980307376	10.2262191463731	14.9061832427979	5.57976341247559	14.5136277905255	5.53169773671987	4.0383826496432	0.486286667343447
feed	4.34863970236782	11.5070209194444	17.9858112335205	8.14136695861816	17.0039167343778	7.97928944565761	4.08903798155253	0.585310105353603
find	3.63682356831116	9.03382798922283	15.366021156311	3.19498109817505	16.0045754438694	3.23919004718193	3.54767347729871	0.482441426553471
fine	3.71095667569907	10.1009866882585	15.0609149932861	5.32929849624634	16.0342189105742	5.24716056899568	3.59390726111826	0.582910061742566
finger	3.89634407489001	9.45818874132854	14.8317794799805	4.04370260238647	15.4771677311006	3.95333830098462	3.84974470290842	0.521899371352026
finish	4.14180636918341	10.3717882324479	16.9211330413818	5.87090158462524	16.2630849459376	5.81027940147126	4.01332894998732	0.502212787913987
first	3.45267683852825	9.41553053152782	14.8820829391479	3.95838618278503	20.0709508995462	3.32868595061543	2.93719803161199	0.920598311383529
fish	4.47003470993817	11.8733253170274	15.1868858337402	8.87397575378418	14.7376359091278	8.79433400404651	4.50265465445327	0.451334964395062
fit	4.50347470381629	10.8423790622972	14.8176555633545	6.81208324432373	13.2309537875211	6.6301277677852	4.73008852511268	0.399459995432597
fix	4.19598639305183	11.1525270630143	18.9693241119385	7.43237924575806	17.6449174203995	7.48904014954845	3.90568072636204	0.50733636266657
flag	4.78557529700723	11.1794860054277	16.6677074432373	7.48629713058472	16.0424554835107	6.22979275834201	4.79620733272769	0.601483684387834
flower	4.62927077190079	11.8306884456895	16.3576431274414	8.7887020111084	15.8415117560461	8.59084686100763	4.52838423403407	0.472598236850405
food	4.13657061417917	10.3784284282945	15.4289703369141	5.88418197631836	15.7518205007909	5.47475732144811	4.07648400356612	0.656861945660681
foot	4.15250947828864	9.99734970820171	16.0798053741455	5.12202453613281	16.0818561774752	4.69071073742232	4.06910664656406	0.609728012474992
for	3.1036188942962	8.3292225290559	14.8212890625	1.78577017784119	22.9602394318713	1.58821367366218	2.53848497842585	0.729267040305165
fork	4.58352155210507	10.8674194504045	16.7431621551514	6.86216402053833	16.1065815431046	6.59265163345575	4.47806799465465	0.518373048771258
french	4.24234073910343	11.0033139873765	15.3818645477295	7.13395309448242	16.2986055547949	6.00590826999087	4.19335304585137	0.846086994945811
friend	3.77482923600066	9.62179848444683	16.4782295227051	4.37092208862305	16.2832093568793	4.50087714128401	3.64682466615434	0.486715068543979
frog	5.08820685504227	13.5098251987718	17.1887817382812	12.1469755172729	16.4664328472072	12.325166321699	4.74353193293786	0.376863727100763
full	3.87310722994822	9.56235381853801	16.1652717590332	4.25203275680542	16.4649538947075	3.81964240025208	3.74881573018181	0.675619583412495
game	3.95570464488033	10.0083436657212	15.0016965866089	5.14401245117188	17.0610340098022	4.08552987752013	3.79911772463579	0.896845067756548
garage	4.1667179302059	10.9187762428544	16.3741607666016	6.96487760543823	16.0412075065379	6.95317300638805	4.03800214035048	0.502852627652234
garbage	4.61051478311154	11.5602101970933	16.7104949951172	8.24774551391602	16.0460285933867	8.33571608855026	4.50447247640677	0.321199306555024
garden	4.31406421927541	11.4387459446214	14.9027509689331	8.00481700897217	15.3816909566185	7.24020765597143	4.36021709179242	0.734818553394108
gas	4.52314556664674	10.7195748974107	17.8493041992188	6.56647491455078	16.8805022770129	5.78996859676867	4.3820996381397	0.632583194294838
gentle	4.22139298943076	10.7027656723283	15.1632614135742	6.53285646438599	15.4324104169847	6.37999636765779	4.17399081778246	0.526960991115804
get	3.28961744873389	8.66368052256328	14.8641920089722	2.45468616485596	18.3646339726586	2.31577047823845	3.00692564898857	0.666571023749608
giraffe	5.20149134410926	13.7185125042222	20.0690574645996	12.5643501281738	18.0800368590079	12.905734980992	4.77746627576582	0.252377925893224
girl	3.63831838355434	9.90841194880229	15.8258228302002	4.94414901733398	15.6697431087521	5.02040456216285	3.55585625369758	0.501643837567332
give	3.67430516871843	8.51237794649822	14.8427705764771	2.15208101272583	15.5234350075567	2.21542543997275	3.62598377139522	0.449824843711031
glass	3.94619574848015	10.0291475940965	15.4917402267456	5.18562030792236	15.9250422358742	4.63163640986106	3.88195862999182	0.727336201410045
glasses	4.36164172345742	10.1506073166154	17.947244644165	5.42853975296021	16.966432345197	5.14858095427646	4.19542803995239	0.537205967172782
gloves	4.45899145922389	10.8527681518815	16.1689853668213	6.83286142349243	15.864205811783	6.99923305492846	4.36618638704222	0.353231080396583
glue	5.124455971665	13.1104650188707	18.7770214080811	11.3482551574707	17.5961223565022	11.5150128602898	4.79589088688068	0.317844855676539
go	3.46832475024646	8.77920552981121	14.8547449111938	2.68573617935181	17.2973542623577	2.51012395788875	3.27406910216336	0.633643785017972
good	3.43879772214617	9.44964691889507	14.8543529510498	4.02661895751953	19.5264916675	3.55400138673642	2.97278844423383	0.869377864358353
goose	4.41412613833505	10.1064767528794	17.3112087249756	5.34027862548828	5.66258255567902	16.4892693583773	4.30910472966293	-0.290054574403437
grandma	4.53921598211725	12.3246540714524	16.2353401184082	9.77663326263428	15.7537569837241	9.92928006151468	4.39022252797999	0.415301993644008
grandpa	4.75016610783375	12.5969438244127	18.2160243988037	10.3212127685547	15.3217520587184	10.4223742820999	4.66236466376029	0.389247184631607
grapes	4.94203884394296	12.4917392421983	18.6223659515381	10.110803604126	16.892839739368	10.377670069938	4.7217970387821	0.30036795693824
grass	4.15579232698004	10.7755312610887	16.9143199920654	6.67838764190674	16.2131723477612	6.46915863771991	4.01735753689119	0.593505419366834
green	3.85231810255076	10.8100797821305	14.8690690994263	6.74748468399048	14.9361601618147	6.63580224289965	3.85893311299615	0.569601380508969
gum	4.7994815738341	11.1783780742906	17.433837890625	7.48408126831055	16.0646293709418	7.24594724672201	4.71140283029916	0.405579507583199
hair	3.69014877663316	8.4886918951295	14.7843599319458	2.1047089099884	15.6450315357597	1.93523354351748	3.6382966470072	0.589190421878383
hamburger	4.85026007798069	12.3980431247972	20.4592571258545	9.92341136932373	18.5558896863633	10.0506021355907	4.48528164321197	0.378450775950019
hammer	4.68387897097741	12.5174655605577	18.0564002990723	10.1622562408447	16.7272011290082	9.9283600361332	4.4235305830573	0.5355999773086
hand	3.47129730187657	8.45569142592174	15.5574684143066	2.03870797157288	17.6900646735957	1.94465134851649	3.26125591787671	0.601091089248989
happy	3.74965115146976	10.1487021137498	15.1447916030884	5.424729347229	15.6229555911515	5.42285198735395	3.66554707723915	0.572103674895346
hard	3.8322735079191	9.41949459803325	15.8459234237671	3.9663143157959	16.3348282794841	3.61500711780855	3.71837908767284	0.650416808701187
hat	4.38357521851286	10.6135329891465	15.2427377700806	6.35439109802246	15.388480974162	6.09900978573075	4.3551113081002	0.507527335268298
hate	4.0128468998003	10.2877700020097	14.9308757781982	5.70286512374878	15.3895591882055	5.71248499633375	3.95561769740941	0.525413063077489
have	3.22144729968697	8.10699841273052	14.8818120956421	1.34132194519043	17.8935999201037	1.28250715879669	3.02368631513277	0.548579546008931
he	2.86557059574924	8.09130313885433	14.8201723098755	1.30993139743805	21.844841183328	1.39999392896889	2.50641986852622	0.49848359601694
head	3.32163959616819	8.50292822611553	14.9057598114014	2.13318157196045	18.6045441425728	2.01720542264761	3.03162150257524	0.654532255666607
hear	3.74467270249763	8.86096510184032	14.8394947052002	2.84925532341003	14.9665734686256	2.89596507649918	3.73400462666972	0.457883008908621
heavy	3.9140020649161	10.7698764492295	14.8989353179932	6.66707801818848	15.6778967725284	6.52689161190394	3.82614563973036	0.603394283520269
helicopter	4.61339510788469	11.7634043384812	16.7766532897949	8.65413379669189	15.6599347755014	8.52958174862579	4.52334057805537	0.483069120379449
hello	4.25566580784133	10.4877156902574	18.3149394989014	6.10275650024414	17.3521164779257	6.1761575701474	4.04569064257738	0.45151152940221
help	3.71855173520128	9.24333318960887	16.1560287475586	3.61399149894714	16.2766367286749	3.41362713934378	3.6041797035808	0.609366882406721
her	2.96549433524346	8.403699665191	14.8851671218872	1.93472445011139	21.3657613009889	1.98578855339432	2.58391042196703	0.542844533671785
here	3.48996465580832	9.23353621256572	16.6074447631836	3.59439754486084	17.4236959305745	3.66773525132379	3.28724777448578	0.524775612093371
hi	4.43032764175358	10.2365760494493	16.1244792938232	5.60047721862793	15.9483535077688	5.27427080317332	4.35717941190653	0.520036262670895
hide	4.07393366125831	10.324147908809	16.6013450622559	5.77562093734741	16.0379725002623	5.71480353807077	3.95779426460061	0.540678709835855
high	3.98143995897255	9.71738955271465	14.8468742370605	4.56210422515869	15.182121819288	3.94129567765006	4.01940402031512	0.685116981943735
him	3.05030304614358	8.47088381540996	14.875560760498	2.06909275054932	20.8224376214442	2.00319110967088	2.64929040677377	0.619839136467762
his	2.94562200125605	8.12271395218593	14.9074068069458	1.37275302410126	22.0526207007665	1.45711841906813	2.5378621391574	0.553210683552721
hit	3.87581338294931	10.2794210602067	14.8290576934814	5.68616724014282	15.0021857065507	5.40386720038856	3.89654078449725	0.650999478818215
hold	3.98635076634761	9.832275359752	14.9701824188232	4.7918758392334	14.9920943987642	4.58961675240853	3.99499593416056	0.542791721779404
home	3.66333138766572	9.88136979830486	14.9162607192993	4.89006471633911	15.5795763894732	4.52498043191642	3.61912926398805	0.714535158731954
horse	4.25060068464848	10.6573803116105	17.3612060546875	6.44208574295044	17.1029174402778	5.63708580974003	4.06726135666356	0.733652605376885
hose	4.89848366942825	12.4775547672532	20.4749317169189	10.0824346542358	18.4588582237247	9.90543269165418	4.45921183062167	0.520521468943895
hot	3.98841392073745	10.3182925869249	14.9328136444092	5.7639102935791	14.8943661511907	5.65502353150231	3.99868402623997	0.544100417711315
house	3.5198098214413	9.90394684565288	15.3097496032715	4.93521881103516	17.7290500143793	4.81411925438656	3.22690461229659	0.681027671711386
how	3.5105902680898	8.15580847752315	14.8821506500244	1.4389420747757	14.7607155571919	1.41778858843785	3.51943719505641	0.443383265189278
hug	4.16728027477086	9.59365650904399	19.7508811950684	4.31463813781738	17.9829343610752	4.41787944761344	3.96857260857701	0.411432883960042
hungry	4.16309206895533	11.0074622322343	15.3500680923462	7.142249584198	15.4417243488102	7.088917600931	4.10219040914472	0.492568852510999
hurry	4.18995227338329	10.4638576198838	15.2654104232788	6.05504035949707	15.2769650086696	6.31908378202309	4.14056158488951	0.33038425986137
hurt	3.8082656626813	10.1068205524705	15.5018911361694	5.34096622467041	16.8481658041413	5.06504700491949	3.59924313772944	0.71952284391988
i	2.84507850702945	7.88598844301921	14.8148794174194	0.899302005767822	21.422169171327	1.00372477309291	2.53051560716454	0.465041810161782
ice	4.22793496310583	10.8293578315995	14.8048305511475	6.78604078292847	14.7544743236249	6.65189127612187	4.25790736891418	0.481028938408917
if	3.25524444218464	8.04019680512172	14.7635841369629	1.20771872997284	17.2542776147235	1.22075864136282	3.09963869016476	0.517038642846493
inside	3.7899464726199	9.9589306999467	17.8719902038574	5.0451865196228	17.2974009586239	5.03100088518602	3.55386112926538	0.592864313686809
into	3.26106023939765	8.51890060198528	14.9214468002319	2.16512632369995	18.5251585022249	2.20057112039853	2.99919430722735	0.569576090871703
is	3.26763622709465	8.15025260937435	14.9046201705933	1.42783033847809	17.0396547929497	1.31825113257399	3.13057686100801	0.520658933945755
it	3.03351186806056	8.16432240498287	14.7871398925781	1.45596992969513	23.6336916560608	1.41181940563907	2.48006585043966	0.66764813956569
jacket	4.11470031327321	10.1804825950883	16.7413272857666	5.48829030990601	16.4145449946504	5.52539528480913	3.97961813238099	0.46250325614561
jar	4.73185633170181	11.3958675552629	19.7382049560547	7.91906023025513	17.4970395756952	7.26388874302286	4.51010647402173	0.568991372965997
jeans	4.07761156452993	9.29431542647106	17.1995849609375	3.71595597267151	16.210900318741	3.7116430807885	3.98404621901769	0.436701772958494
jelly	4.97133905182102	12.2147469211839	17.9683666229248	9.55681896209717	17.0573266713182	9.35185928658603	4.77014303379174	0.382780792647017
juice	4.47622968834726	10.6615662266038	17.7519969940186	6.45045757293701	16.7187066686602	6.63768884444056	4.34375640861499	0.323902000770575
jump	4.24583492027741	10.8370206047319	15.3390665054321	6.80136632919312	15.6504124183856	6.74806750942428	4.16233507035809	0.511914057325418
keys	4.27405932416303	10.3874656845353	17.3751049041748	5.90225648880005	16.6676466220601	5.86847035136633	4.10707676224066	0.50737753814008
kick	4.34232739939311	10.4105891872667	16.9873332977295	5.9485034942627	16.1557342586151	5.87856024586488	4.23248402557592	0.463111803105723
kiss	3.92752641088372	9.41661354792339	14.8958396911621	3.96055221557617	14.9418468597433	3.825770599177	3.93345934949023	0.502595618964568
kitchen	3.73244261239045	9.63226625216228	15.2719373703003	4.39185762405396	16.3571988549725	4.49080662669811	3.5882227845604	0.537161802749485
kitty	5.12279264879834	12.9232210804246	17.7563457489014	10.9737672805786	15.9909254664015	11.1398638649546	4.96794715838221	0.285465330458336
knee	4.31767811461577	10.2399961639665	14.8272619247437	5.60731744766235	14.6293476304086	5.44946829944695	4.36068186737946	0.491701181386001
knife	4.08320427170081	10.3213400532029	17.1965885162354	5.77000522613525	17.0155612744909	5.56179877980925	3.87150225747642	0.620657100420291
knock	4.19073174768929	9.92440387499553	15.2262477874756	4.97613286972046	15.1075456669282	5.15808509437567	4.16169682331375	0.346325348939047
ladder	4.37282569555165	10.9243635822557	18.1717643737793	6.97605228424072	16.9697271368432	7.13927957474859	4.16483907805199	0.444203673635736
lady	4.09224649911133	10.4885980774186	14.8980541229248	6.10452127456665	14.2606812136377	6.14694384545016	4.152647472482	0.429508778235373
lamb	5.03709423771157	12.2196840931199	17.3648357391357	9.56669330596924	15.5890547720935	9.07980007223843	5.00642833734793	0.434729905219842
lamp	4.59948034116218	11.174468724849	16.5481719970703	7.47626256942749	16.1207172333884	6.8157732421705	4.52566202668347	0.583744256955431
last	3.60981104781369	9.06927344095928	14.8409414291382	3.26587200164795	14.9253727876127	3.12736847960616	3.61810285920795	0.570039047094238
later	3.83169084297772	9.23303183806163	16.4634990692139	3.59338879585266	15.8489228175465	3.56927531182158	3.75874218866535	0.469464000688793
lawn	4.55590738167364	10.696888892772	16.2062587738037	6.52110290527344	15.8477097577509	5.95310271980176	4.5121932591536	0.531023493432596
leg	4.13341539106242	10.5839700390123	17.520845413208	6.29526519775391	17.3927658309974	5.91295933890794	3.87824791614128	0.677124531346671
lick	4.44490517061081	10.887136190059	16.7582702636719	6.90159749984741	16.2724412660599	6.90305561671559	4.31269947092119	0.438686136884495
light	3.83047193442044	10.0959424663804	14.9692468643188	5.31921005249023	18.6078043288477	3.65387685644559	3.49887483960721	1.19017747833092
like	3.29701499126056	8.63145407927257	14.8994779586792	2.39023327827454	19.9113401975073	2.04206962867685	2.87696000457863	0.781408659838853
lion	4.68539115334549	12.123393504741	16.6583023071289	9.37411212921143	15.9079372712843	9.35994426429529	4.54261845353317	0.454045616108077
lips	3.6893781346202	8.62684520971996	15.0500631332397	2.38101553916931	16.3782830856435	2.38604706432464	3.58179052843983	0.496320842318901
listen	3.93993517551292	9.60415574801189	18.0949325561523	4.33563661575317	17.2499930663727	4.60871698194336	3.76147521430131	0.419278245939393
little	3.41853790072327	9.34308954966289	14.9484558105469	3.81350421905518	18.4266205093108	3.66394259641835	3.09640672905713	0.685878790587082
living	3.97617820781585	9.97446367037517	14.8407783508301	5.07625246047974	14.1587138843993	5.00775504205353	4.06225252005177	0.502096423551485
lollipop	5.11639688552931	13.2037229229234	20.3391094207764	11.5347709655762	17.5091016029576	12.3619195428604	4.79749778895677	0.195395009837922
long	3.68036118140529	8.89819738161785	14.878532409668	2.92371988296509	14.8685090823112	2.69661791853838	3.70207286545047	0.571286823825119
look	3.63973536837387	8.70631393683177	16.0842170715332	2.53995299339294	15.6063093412262	2.47048908783301	3.58838408233854	0.507374231626678
loud	4.12382293480679	9.26808640253765	14.8606824874878	3.66349792480469	14.8650213988018	3.84011518426597	4.1136499687785	0.331867623568565
love	3.70563454803286	9.52203509104473	14.9017772674561	4.17139530181885	15.8992663730467	4.07924772890131	3.61528866284421	0.570211643677842
lunch	4.33266861218379	10.5210275341294	14.8535175323486	6.16938018798828	14.8188173298666	6.16679414019824	4.33797634060324	0.406794918771728
mad	4.26124294216619	10.6854722191117	15.6329860687256	6.49826955795288	15.2276735749018	6.45729296889984	4.22575707013619	0.495333859521113
make	3.58512835868787	8.30976030123455	15.6315994262695	1.74684572219849	16.3568231797284	1.70007352124003	3.48204212119711	0.523889652879984
man	3.34360816962348	9.2522189308427	14.8546209335327	3.63176298141479	17.9692917555473	3.49060376250591	3.05031427758579	0.70832703029193
me	3.13192959946025	8.12302306187374	14.880069732666	1.37337124347687	19.2158671308211	1.4099739366784	2.86232490522139	0.536797066370422
meat	4.48725246980846	11.1518330265306	15.1368255615234	7.43099117279053	15.0710197774384	7.46423528688574	4.46452756501742	0.373096352934463
medicine	4.74294824759976	12.0961136509202	16.1009521484375	9.31955242156982	15.8027252662259	9.07653705964378	4.64576044124162	0.474083326478913
milk	4.60527162802763	11.9243778873704	15.686803817749	8.97608089447021	15.4356485512421	8.99704862585777	4.5327011508423	0.398985528926219
mine	3.75909220794687	9.68209048998577	14.9006090164185	4.49150609970093	15.3366424242087	4.53475600934222	3.71093979408178	0.512358548535486
mommy	4.7996802349605	12.8068294216417	17.1326198577881	10.7409839630127	15.6642455121206	10.8342160676324	4.65126099437587	0.400528487800378
money	3.97511371154861	10.3230390239976	14.8986082077026	5.77340316772461	15.3689803972622	5.65673677741681	3.93007607218596	0.575801628057567
monkey	4.89197148240143	13.1130599666856	17.9862098693848	11.3534450531006	17.0237163348487	11.3273536915693	4.56180517965534	0.421188928323531
moo	4.67581154666309	11.9754633594773	19.1064434051514	9.07825183868408	18.085606949417	9.26895952226491	4.30014696274019	0.46133858808195
moon	4.18775553048861	11.0596689869187	15.9811925888062	7.24666309356689	15.8551114941409	7.01860142439131	4.08660137669893	0.59100185296362
moose	5.39593474906629	13.9827875782274	18.9838409423828	13.0929002761841	17.6921389463111	13.2234115291384	4.96040362334001	0.274589844442677
mop	4.67521082681762	11.4982003856919	17.749397277832	8.12372589111328	8.22942307079513	16.7750622001652	4.48485384131974	-0.397475046523754
more	3.42568099522386	8.78823873293621	14.8408050537109	2.70380258560181	16.0716238732813	2.45065524770821	3.33744839111225	0.634318788019315
morning	3.83523895212476	9.1307784010194	16.5593204498291	3.38888192176819	15.9137617831201	3.49442930265607	3.75825225414829	0.415738689267377
motorcycle	4.73232668059647	11.6317190815232	20.2550354003906	8.39076328277588	17.9241082401049	8.08926086496826	4.40934596378856	0.562174951464168
mouse	4.92641847997414	12.3961152721666	16.9278659820557	9.9195556640625	16.3374099873439	9.39198163134959	4.77851130293342	0.544737574209672
mouth	3.62645097552572	8.85049101603252	15.9585914611816	2.82830715179443	17.5240499501193	2.74034864011966	3.41606533902775	0.600537107956645
movie	4.33004769025501	10.7816962887071	15.535834312439	6.69071769714355	15.4555780626712	6.44539243598419	4.29054697038735	0.526903866454479
much	3.58910068555191	8.52688571703655	14.9235095977783	2.18109655380249	15.2225554390185	2.0784266258947	3.5698978150917	0.51044576492342
muffin	4.68893007706664	11.8164877582811	18.693244934082	8.7603006362915	16.6450858688397	9.21999639675109	4.52006390831147	0.272191322565519
my	2.99100323260039	8.20206388724071	14.8558387756348	1.53145289421082	20.5590948563506	1.58001789436267	2.64772156168154	0.550288891855105
myself	3.70652797013392	8.83567365896923	16.5777606964111	2.79867243766785	16.915234179405	2.90820931565681	3.54901652983476	0.508526357169173
nail	4.8790873108801	11.8484835315965	16.9333915710449	8.82429218292236	16.2927888975996	8.19254242242796	4.78228850856061	0.495717639150424
nap	4.61460495454955	10.6878535438798	17.967643737793	6.50303220748901	16.9297840677922	6.05815816451321	4.46311515350157	0.50699662599883
napkin	4.49939788618714	10.3832091976426	17.0317974090576	5.89374351501465	15.7430068739337	5.91503989316173	4.42853475661575	0.389470299906025
naughty	4.76368085198802	12.4246473003648	17.0961780548096	9.97661972045898	16.3273686312268	10.07916678286	4.56407665775228	0.392008143979574
necklace	4.50784592712652	11.3682241131089	16.3934211730957	7.86377334594727	15.6393753116047	7.950513970093	4.41464640998739	0.418098892157989
need	3.44510250633476	8.97562023890239	14.8780250549316	3.07856559753418	16.0645591601674	3.15106736508409	3.34455567984928	0.511809971119976
new	3.57046780570869	9.66616698992473	15.756365776062	4.45965909957886	16.8140765191392	4.46467459256117	3.38970981040683	0.568646043936875
next	3.77354203839799	8.8719938684724	17.2830181121826	2.87131285667419	16.286059026165	3.06066893810475	3.67138711587764	0.419406308323255
nice	3.8529388322799	10.2858831573747	14.9024467468262	5.69909143447876	15.4626879400228	5.73604971664016	3.78937268651724	0.492389036517551
night	3.72076728592086	9.07503065359813	17.2760162353516	3.27738642692566	17.1643097590605	3.27327593794439	3.55264293793757	0.505820892342921
no	3.40630482053601	8.46644851458293	15.1125049591064	2.06022214889526	16.9963416707362	2.04403530496116	3.25365083375367	0.537925248962441
noisy	4.70410934460078	12.7071108509324	18.2719554901123	10.5415468215942	17.1677003977197	10.8526709516396	4.40032617303698	0.346113459092736
none	3.90910350752145	9.36080846083385	14.871434211731	3.84894204139709	15.2430490998254	3.98628830766499	3.87065752275275	0.425907202228156
noodles	4.96638935509279	12.6817197490953	19.3158874511719	10.4907646179199	17.5911556689156	10.7884165448179	4.67873126174875	0.301896745230527
nose	4.0094728096466	9.83046266329509	17.1925506591797	4.78825044631958	17.4042105098679	4.58851065207787	3.78532894476534	0.609096376668546
not	3.18175782393949	8.41778537523967	14.8805723190308	1.96289587020874	19.4050790147838	1.87353608201575	2.85011069928926	0.640056624929115
now	3.36749737362675	9.37706968081218	14.8659982681274	3.88146448135376	19.4307187623639	3.57228905023074	2.92609501295459	0.803640013529216
nurse	4.3224427736378	11.1280107189439	19.7280654907227	7.38334655761719	18.2770682665198	7.15933511371419	3.95756175463694	0.619968053843525
nuts	4.66777252101961	11.6643318821214	17.2331581115723	8.45598888397217	16.4218856815653	8.34163565345243	4.51319776120853	0.430621870612994
of	2.88641070811818	7.76319318902713	14.7891340255737	0.653711497783661	21.951367508998	0.641883918133915	2.52671913647369	0.521808474863058
off	3.49743854174353	8.99032172453624	14.9451112747192	3.10796856880188	19.4495747391427	2.69120133546623	3.08994595411655	0.803610804122344
old	3.70221016291441	9.50241038096172	14.865062713623	4.13214588165283	15.1289723162883	3.98145020612024	3.69071733579485	0.606584167509646
on	3.0432278088843	8.41218235981685	14.8138732910156	1.9516898393631	26.7894282865217	1.68715855022701	2.23580947346057	0.803179316436781
open	3.86335197418496	9.32104655993206	16.5531063079834	3.76941823959351	15.7061063791121	3.70172610502354	3.80239587554685	0.477151019873515
orange	4.25205686111112	10.9314040828965	15.2437114715576	6.99013328552246	15.111406111636	7.1286796180576	4.21672475351431	0.373513366902122
other	3.49811292784477	8.88769218218547	14.891637802124	2.90270948410034	16.2180492736335	2.89803823814732	3.39647637011222	0.503174708484717
ouch	4.28813692829079	12.0489315677903	18.3328170776367	9.22518825531006	16.557356985697	9.73811958043534	4.07002197340782	0.326348896355713
our	3.4245505822168	9.25922056925518	14.9302129745483	3.64576625823975	16.6206911884612	3.56068645741048	3.26493574468024	0.623371864045125
out	3.21733964713474	8.46036717188579	14.8666830062866	2.04805946350098	19.4104556622994	1.90628680329983	2.8824018603581	0.652569782080594
outside	3.89364656244372	10.4713320423387	14.8942098617554	6.06998920440674	14.2885494091305	5.90701351962571	3.99154792308646	0.547707577930084
oven	4.60026761360654	10.8540742088578	17.0184211730957	6.83547353744507	15.6661342639388	6.73591248206315	4.53164677507893	0.440672648207342
over	3.23521866394578	9.21949991476757	14.9135112762451	3.56632494926453	26.6447867753222	3.07223841251845	2.19459495787126	0.998759962505833
owl	4.88995840391811	11.5056538273118	17.5262031555176	8.13863277435303	16.5250088927263	7.81140216687348	4.75269829075436	0.447796456956615
paint	4.64967133656731	11.7321214367173	17.38063621521	8.59156799316406	16.4439834954883	8.40952107864761	4.48353945095871	0.475565486869453
pajamas	4.61486468671696	11.0349468876146	17.2759323120117	7.1972188949585	16.2265258461934	7.41895721008439	4.48580758377316	0.356834363839639
pancake	5.29155808326897	13.3667449642442	19.5063800811768	11.8608150482178	17.9610828250375	12.1427196699011	4.85031679359139	0.333596453890349
pants	4.14763218358971	9.99404832613689	17.3796653747559	5.11542177200317	16.9882563691031	4.96009925140825	3.96500717356529	0.555297800635524
paper	4.12212950634062	10.3205394436143	15.945463180542	5.76840400695801	15.9232103218797	5.58364801943999	4.02274796119993	0.592041995758883
park	4.29776367176698	10.6972889591478	19.4690895080566	6.5219030380249	17.7770681892023	5.84903020076728	4.03275022578464	0.699939976148164
party	4.05213883265635	10.8189668346666	16.8340740203857	6.7652587890625	16.7832891739513	6.39453205391333	3.84463687305517	0.6947930375676
peanut	4.51893874554156	10.3180348564408	18.9207305908203	5.76339483261108	17.5843855676048	6.09494665231257	4.37166137132129	0.271385215213505
peas	5.08418255987094	11.8815402675889	18.621488571167	8.89040565490723	17.7313231992973	8.49719675605906	4.85165188975131	0.424911761243159
pen	4.58221670087296	10.8290781666062	20.2212028503418	6.78548145294189	19.0665611565907	5.14758874805634	4.25741609180903	0.874338785195316
pencil	4.65329870507713	11.4626531292222	16.8736038208008	8.05263137817383	16.0300827984747	8.1675270893495	4.53083377804847	0.37507688991596
penguin	4.95535387385691	12.6111631084703	18.3529243469238	10.3496513366699	16.7097722342854	10.585588876779	4.69722362299804	0.366248985024208
penis	4.78921723545555	12.1094979931138	17.4956932067871	9.34632110595703	15.8827551983271	9.39978332602936	4.66746579438986	0.367723289261804
penny	4.92846724624616	13.2922134090684	16.8274421691895	11.7117519378662	16.2224371384339	11.6839054411402	4.68206289948365	0.410745036225707
people	3.55719755192102	9.71800514948589	14.7817268371582	4.56333541870117	15.5789622295875	4.23982337343098	3.50805312862861	0.727637988624899
person	3.82256618194271	9.80629750979167	14.984281539917	4.73992013931274	15.348679327589	4.78232350941832	3.7730445307978	0.504277956130865
pick	3.98400652371884	9.49662682306987	14.9830503463745	4.12057876586914	15.0880689218208	4.47099248883722	3.94710198680237	0.345918793340429
pickle	4.84162748565489	12.2104510952256	19.3536949157715	9.54822731018066	17.8383063542599	9.91321559030345	4.52428710483034	0.354165845903651
picnic	4.63373247025807	11.2114567447923	17.9410820007324	7.55023860931396	16.5067654640052	7.32343292560873	4.49619424608678	0.44522240286987
picture	4.1866786736994	10.7519361664079	16.4035911560059	6.63119745254517	16.515625697516	5.93846583501818	4.04834313398688	0.767850347084943
pig	4.76603801574836	12.2360367466233	16.8423805236816	9.59939861297607	16.157658866967	9.22408358642042	4.63565201322449	0.49404241637573
pillow	4.2607716500758	10.3923530269883	16.7737064361572	5.91203117370605	17.2889687878711	5.18242698837277	4.05580430661467	0.730812133082963
pizza	4.62463360970522	11.544665782573	16.2418594360352	8.21665668487549	15.7645004893021	8.24593152050556	4.52807192027306	0.392117349985624
plant	4.75838820882257	11.8558430362962	16.8038711547852	8.83901119232178	15.7813418509146	8.29534857165626	4.70481010559707	0.548989725569424
plate	4.35847710393513	10.5230405021928	17.0074577331543	6.17340612411499	16.7284751445069	5.54082226121091	4.21874267625619	0.636457635856739
play	4.0524514921089	10.5269467521928	15.2341918945312	6.18121862411499	16.0853668801875	5.68511589961749	3.95660973795824	0.694399826935529
playground	5.01911859192015	12.8912777591966	19.5904273986816	10.9098806381226	17.8837090396049	10.4095012365672	4.57279754058449	0.638560822641889
please	3.78942884379157	9.6762444664262	17.7013969421387	4.47981405258179	16.6185477575247	4.7353054132103	3.64165583425176	0.434526556384145
police	4.09547314364015	10.0171975780748	14.8429574966431	5.16172027587891	14.6529949216743	5.07415720130673	4.12606531758629	0.476718617644304
pony	5.02020858465394	12.4387159038804	18.0005149841309	10.0047569274902	16.7812238940499	9.69975859443844	4.83615717692095	0.399352330924489
pool	4.29843904183384	11.0328907657884	15.2479915618896	7.19310665130615	15.3531146746773	6.74900673564526	4.29324090881297	0.61537122842879
poor	4.13564259181627	11.0483016659043	16.0944347381592	7.22392845153809	15.8939461644614	7.00285457272094	4.02238505649582	0.627506641964296
popcorn	4.71604328780502	11.8571715046189	20.4663162231445	8.84166812896729	18.3240391488041	9.06457498146225	4.39412918346748	0.383358844887605
popsicle	5.51586475740043	14.1038193393968	20.9561519622803	13.3349637985229	18.6617894355691	13.8820903760692	4.71497811171113	0.264915574725426
porch	4.13080175862859	9.99870607149822	15.9054384231567	5.12473726272583	15.9550417771512	5.26472650789102	4.02846978002287	0.445523522490588
potato	4.7389791772269	11.2882523227952	17.4957141876221	7.70382976531982	7.97501762719518	16.7281983078344	4.59109390773928	-0.298249487320835
pour	4.49845914996282	10.4578656841539	16.779541015625	6.04305648803711	15.4544652012194	6.32314712278584	4.44079795482305	0.304540543491339
present	4.43139968195967	11.310186593654	18.4039001464844	7.74769830703735	17.7019271674414	6.3018217322314	4.20315532709067	0.935822206961225
pretend	4.20048728129119	10.1923889805101	16.7327499389648	5.51210308074951	16.3275224350618	5.71055017436384	4.06746078312528	0.423653398598956
pretty	3.84199984052145	9.87273928415996	15.0660858154297	4.87280368804932	15.1615584277707	4.90874888451407	3.81162531935184	0.479206291996142
pretzel	4.91313816301895	13.0715260196947	19.4424495697021	11.2703771591187	17.7205317869993	11.6637090083923	4.56782379107956	0.289059589798322
pudding	4.98457524995851	13.1055054355882	18.5583477020264	11.3383359909058	17.3686915388159	11.6992471620265	4.70602515129086	0.251153219970261
pull	3.8428682421639	9.67014071238262	16.842456817627	4.46760654449463	16.0327035920818	4.68483862586717	3.73220826366917	0.453641139839005
pumpkin	4.96867512923752	12.6520280529283	17.8555545806885	10.4313812255859	16.8471097379253	10.7855193585301	4.70743598421812	0.322579934283532
puppy	4.68980055550157	11.8388681103013	17.2605762481689	8.80506134033203	16.1637808146495	8.79673755689231	4.54198077297482	0.420140882031466
purse	4.12395366753557	10.1789173771165	17.4177570343018	5.4851598739624	16.8433272570756	5.65199181614637	3.94821618994351	0.454409193892014
push	4.06332195008349	10.4669437099717	14.9140958786011	6.06121253967285	15.151974041398	6.17485272285063	4.02089529083346	0.484331628142096
put	3.61925500184229	9.23584195864421	15.500391960144	3.59900903701782	16.8331833746137	3.47012889715717	3.44835264328628	0.619504275850353
puzzle	4.8638058651047	11.3971705127977	16.9450836181641	7.92166614532471	15.7283007176936	7.83461079189341	4.79701588146791	0.341900443688867
quack	6	14.4321221996568	19.6394691467285	13.991569519043	14.8390176795244	15.9441627509111	2.72102044625035	0.0192745224639928
quiet	3.9880874978046	10.8421415973924	14.8660202026367	6.81160831451416	14.7227616769223	6.60409171385605	4.04039196265336	0.593638506350169
radio	4.47926819583057	10.9433967758439	18.0950603485107	7.01411867141724	16.9509157617027	6.25229467303753	4.31441383779358	0.666497490511494
rain	4.31419245435068	10.7546453167222	14.9033851623535	6.63661575317383	15.0192414106616	6.32172528703343	4.33587582693493	0.560134048346798
raisin	4.96420732122259	12.6854343105577	19.1368999481201	10.4981937408447	17.5351556924526	10.9403773329427	4.72655654545481	0.232504509510952
read	4.01302015526614	10.2601425339006	14.9300098419189	5.64761018753052	15.1557771136794	5.50937837729802	3.99575169489061	0.574879007097296
red	3.81996563208415	10.0391044307969	15.5740032196045	5.20553398132324	17.288483664155	4.6811570074402	3.57478927002411	0.81094301429973
refrigerator	4.48939330420369	11.1160685707353	16.9010448455811	7.35946226119995	16.1855374249628	7.30222112768083	4.36180507472582	0.448311072459392
ride	4.22994390510981	10.5744824100755	14.8599548339844	6.27628993988037	14.9651316328559	6.08110770506448	4.24207397237904	0.524499873933617
rip	4.38911058669454	10.6097364116929	16.2251758575439	6.34679794311523	15.8133496228154	6.61097642908159	4.28929148304697	0.379008662751502
rock	4.22318474198556	11.2115485359452	17.5899276733398	7.55042219161987	18.6133523005435	5.79016065846038	3.86447746337009	1.15202209556918
rocking	4.5068142034819	11.0492114712022	17.74631690979	7.22574806213379	16.7109117875651	7.23077554757511	4.3522094118049	0.392514146896205
roof	4.17072718252152	10.6793536831163	14.8897590637207	6.48603248596191	15.864747226199	5.93802403625573	4.10700078282648	0.711803118986804
room	3.51550997325619	8.89277931940776	15.1077499389648	2.91288375854492	16.9824924793647	2.82596009227112	3.34700691879144	0.585570420946669
rooster	5.71152699699446	14.4697870899461	18.685375213623	14.0668992996216	14.3541396399255	17.2867026733697	4.92031226043215	-0.247808188436258
run	3.8695713154429	10.4583918739579	17.7213611602783	6.04410886764526	17.690164553352	6.00829548450077	3.53931150969181	0.680164904920813
sad	4.18825043367823	11.2054352451585	16.0423717498779	7.53819561004639	15.6868190482163	7.72070086465124	4.0696705924197	0.471415333502003
salt	4.61419312123306	11.1439890552781	16.5064067840576	7.41530323028564	15.8295759996242	7.25280259886933	4.52866579169525	0.460376118875417
same	3.57719327120381	8.52568134558422	15.5559196472168	2.17868781089783	16.3624369194181	2.27807032446249	3.47175722148211	0.465242995743016
sandwich	4.55394966984387	11.0485787082933	18.3560485839844	7.22448253631592	16.9296492361239	7.08195550087794	4.37594865281046	0.4519815299292
sauce	4.63895174252599	10.4921369243882	16.8626918792725	6.11159896850586	16.4356704891772	6.28174425865061	4.52014052899091	0.344632140687667
say	3.50780736094599	8.73439857256633	14.8225135803223	2.59612226486206	15.5607941178545	2.56532763173582	3.4540754401606	0.530693258717294
scared	4.13606903786662	10.637318580272	14.8905277252197	6.40196228027344	14.3305696586552	6.48131276995092	4.1840666470974	0.406596244610639
scarf	4.48894047064862	11.4082936931871	18.1446437835693	7.94391250610352	16.9017451270409	8.09722024360068	4.27506481380808	0.422441817670837
school	3.98010557531576	9.75777909052593	16.0168647766113	4.64288330078125	15.7086369103349	4.46942438409406	3.91578859133524	0.544928945270675
scissors	4.74746308680046	12.1454500843309	18.0368747711182	9.41822528839111	16.9704761965253	9.73813291915073	4.515285752848	0.333922415972614
see	3.29907576297261	8.78395351660472	14.8525152206421	2.69523215293884	17.6012370213235	2.55914585477558	3.07018274309912	0.657414982932648
shake	4.0463768192957	9.30674931299907	15.9538440704346	3.74082374572754	15.9817955681237	3.81754915991511	3.96615427836461	0.410149150592534
share	4.14193569397334	10.2233884025834	17.7593593597412	5.57410192489624	16.8902512318733	5.63659475546341	3.96659764320162	0.468858207249537
she	2.90164934986935	8.29129323256237	14.8135404586792	1.70991158485413	20.7631921939775	1.76019804951881	2.5781055467616	0.500142386469928
sheep	4.78859658455667	12.0853061367295	17.6519336700439	9.29793739318848	15.8398605272233	9.48428146478557	4.66131520633687	0.346755147146729
shh	4.83079467276984	12.4152273823045	18.5715198516846	9.95777988433838	17.3429338157903	10.1896871531093	4.49468756210297	0.422843273764834
shirt	3.95867476996963	9.49549958002788	14.8178691864014	4.11832427978516	15.4888772737551	4.03312280738239	3.91159686213969	0.507462854633182
shoe	4.71505430403544	11.5077709842942	16.464168548584	8.14286708831787	15.8497411177739	7.63840232895069	4.65601454921659	0.51233404337943
shopping	4.5765133653083	10.7570233036302	16.6479148864746	6.64137172698975	15.7800801974552	6.48406692251112	4.51012448643406	0.410485086281774
shorts	4.28613534768954	10.031925170543	16.5411224365234	5.19117546081543	16.0273025351335	5.32163483470744	4.1982857818433	0.364159603796666
shoulder	3.67111495170979	9.02726575625164	14.8889017105103	3.18185663223267	15.770495909102	3.20428942251699	3.59792360032746	0.498824931010987
shovel	4.55624139602922	11.6247253109239	17.7482814788818	8.37677574157715	17.0625317886797	8.58777534573915	4.32468830056356	0.397500998251961
show	3.98862571366392	10.1506280590318	15.1762943267822	5.42858123779297	16.0118978003512	4.5521173936212	3.95118339159075	0.816347795567195
shower	4.16292938553424	10.0860933948777	16.2997150421143	5.29951190948486	16.2193755916188	5.05002587477543	4.04841383957327	0.580988954265087
sick	4.17592098262647	10.7503480602525	14.9521617889404	6.62802124023438	14.9145908642623	6.46530995270349	4.1913547980786	0.53973852252341
sidewalk	4.0694628192677	10.6260847736619	15.5321989059448	6.37949466705322	15.2231181858508	6.46843487616279	4.02181222823041	0.474318359307703
sing	4.58793688011474	10.9730000187181	16.0258464813232	7.07332515716553	15.5260245477124	6.94197254556112	4.53491532342927	0.435422216261374
sink	4.34566414317892	10.297149150493	15.614896774292	5.72162342071533	15.6650817271743	5.61729539301784	4.28115451108929	0.470269159944246
sister	3.80039193204107	10.0518688846849	15.4923906326294	5.23106288909912	15.8511511630206	5.34948203726006	3.69846991180593	0.486120873998389
sit	3.90398161773434	9.4138297725938	14.8949193954468	3.95498466491699	15.0440966418662	4.16273511235843	3.87557507305563	0.407435890639796
skate	5.10037941501986	13.1292962719224	18.0390491485596	11.3859176635742	16.6631274612378	11.4495084297239	4.86988014710501	0.309929523598788
sky	3.96069144784517	10.0315894771836	15.9116134643555	5.19050407409668	16.1014273089826	4.92586551650395	3.85449591909994	0.613954756366286
sled	5.01372850373751	12.7448725391649	19.6061668395996	10.6170701980591	17.9776430743897	10.6162537750201	4.65732162343581	0.396242054964027
sleep	4.04998449125116	9.74175879252178	15.8960866928101	4.61084270477295	16.3427444498038	4.12385517418442	3.94055850000303	0.67856700308469
sleepy	4.65928625455534	12.2054056812547	18.1678409576416	9.53813648223877	17.074019669839	9.64701085815323	4.38361087711523	0.428447067454096
slide	4.10856815796594	10.5922546077989	16.4469547271729	6.31183433532715	15.861276634078	6.81383631614019	4.0062797716388	0.3075978963546
slipper	5.35368818921268	13.493326633098	19.6430149078369	12.1139783859253	18.041445937878	12.1746793777519	4.91212007801043	0.356647662401676
slow	4.18765722106676	10.3586666275285	15.829345703125	5.84465837478638	15.2555332545364	5.61735400973736	4.17116165270802	0.510991134711846
smile	3.69764788866325	8.88638743651134	14.9801578521729	2.90009999275208	15.6445917419008	2.92264554284074	3.63863520068157	0.471878396387729
snack	4.78579938119329	12.0391888309739	18.1129379272461	9.20570278167725	16.9091721897034	9.28559499677956	4.57620166653915	0.367596875789989
snow	4.34138088814531	10.7846800972245	14.8171644210815	6.69668531417847	15.0984173917984	6.09168814076419	4.39505466153259	0.636958937381942
so	3.37322000961981	8.82501765978557	14.9513339996338	2.77736043930054	18.3145380823318	2.59957227595085	3.09626581408846	0.657000915950302
soap	4.73494467091393	10.9976350952409	18.1095390319824	7.12259531021118	16.5749333157972	6.98942215280393	4.60237814391189	0.401280231539326
sock	4.95072174160244	12.5718378711961	18.5058155059814	10.2710008621216	16.8794347842259	10.6003066412795	4.71311713133069	0.304009506123428
soda	4.59159297969018	11.5393738437913	19.9018573760986	8.20607280731201	17.7991600482581	8.35552301909067	4.32604355307842	0.392792860390613
sofa	4.09481216171146	10.1253571201585	16.4898986816406	5.37803936004639	16.3156465355268	5.5888417294129	3.97108466032793	0.398064613188988
soft	3.8440038725079	10.2174915958665	14.8077297210693	5.5623083114624	14.6843992022765	5.66343838546469	3.85274311404282	0.452311415531428
some	3.45401127451952	9.37003824007732	15.9963998794556	3.86740159988403	17.5093054585201	3.83153297204733	3.22444591606945	0.596311610807514
soup	4.67919418382028	11.7513346363328	16.342321395874	8.62999439239502	15.4104458658995	8.70129583827214	4.61913783056446	0.329860391708068
spill	4.58337856175376	11.3506743599198	17.2335987091064	7.82867383956909	16.5269778981137	7.97164625327536	4.41879745427048	0.385884927564208
splash	4.68147405371146	11.6849317241929	17.3156070709229	8.49718856811523	16.1329330148369	8.5737458959161	4.52830990779332	0.428490029356016
spoon	4.52005246394965	11.11719199908	16.4457225799561	7.3617091178894	15.9365237925648	7.62341244907561	4.39951823406392	0.374735865815404
sprinkler	4.92130499504818	12.1151098896287	18.9347801208496	9.35754489898682	17.2914404034914	9.84273304169315	4.65811159650038	0.319692665028449
squirrel	5.03068629418584	12.8457741428636	19.8941516876221	10.8188734054565	18.0122884630679	10.7420350897562	4.63134103571359	0.444466628106962
stairs	3.87377903785844	8.8041422058366	17.4460048675537	2.73560953140259	16.3698766683597	2.90563374960961	3.78423083374077	0.359732594973876
stand	4.0257915756426	9.77934691202861	16.6663055419922	4.68601894378662	16.3473867365567	4.45072025168757	3.90528142991953	0.576267477838144
star	4.40300172383706	10.8825282741807	15.5901050567627	6.89238166809082	15.0363542354302	6.16954055722798	4.48099534143162	0.617564735259921
stay	3.75507249362159	9.35819587004405	14.810206413269	3.8437168598175	14.9890069281637	3.88507317121584	3.74144247691507	0.479859859700687
stick	4.39813207406701	11.2919900108598	15.3271188735962	7.71130514144897	15.2849518984096	7.47298713697047	4.37378479470674	0.546590376864031
sticky	4.6555592008554	12.0787815738938	17.0964279174805	9.28488826751709	16.5099162139811	9.43474305274107	4.4391353862095	0.419143167901511
stone	4.04681827782865	11.0853695560716	15.536153793335	7.29806423187256	16.3816283398863	6.67276275005323	3.90493695571743	0.777282603419985
stop	3.78000232588229	9.42152950060588	15.5450277328491	3.97038412094116	16.2161492669067	3.81164868734587	3.66518973390132	0.599225598479265
store	4.23447496832753	10.4034015823625	14.8838062286377	5.93412828445435	15.077945245929	5.76351512804618	4.23063514820142	0.515990351663084
story	3.89042270933133	10.4054763008378	14.9015846252441	5.93827772140503	15.8235087838404	5.25843170507556	3.84842421633146	0.818523656525896
stove	4.55929236090814	10.7331049133561	17.2316226959229	6.59353494644165	16.5453623417647	6.27209651046261	4.42373847252769	0.512308620720245
strawberry	4.83528051100627	11.9469899822496	18.1787776947021	9.02130508422852	16.9593294138993	9.29164697465001	4.60882801761398	0.356433473401155
street	3.88813472907444	9.8403639484666	14.9136896133423	4.8080530166626	15.5443444402759	4.62330386228209	3.83630290476752	0.580877457688155
stroller	5.11180290650497	12.7656011272691	19.1645946502686	10.6585273742676	17.7766805760198	10.9068684980201	4.79916551968585	0.315236042268387
stuck	4.13967994090264	10.5495357204698	18.0250072479248	6.22639656066895	16.9062434693305	6.30701302702359	3.93379988367101	0.509159814007551
sun	3.98727061430906	9.61648437273723	14.7585926055908	4.36029386520386	15.1202681507391	3.92440453053226	4.00858956240177	0.633740089530858
sweater	4.34817449785162	10.8360478569291	16.1981716156006	6.79942083358765	15.4192223934463	7.06184945434263	4.2786425848778	0.358035668031256
sweep	4.48399775122107	11.6936678577684	19.1302051544189	8.51466083526611	17.4464814937851	8.5739280159167	4.21065678606322	0.446679758414906
swim	4.67407136694237	11.4053148914598	16.0527114868164	7.93795490264893	15.2534646825659	7.81618283671418	4.64649575036241	0.395734845490736
swing	4.62929176337255	11.6953715969346	15.7743844985962	8.51806831359863	15.4852826215902	8.40921868063514	4.56705957480105	0.436334399301514
table	3.6763755403361	8.96732076895458	14.8325471878052	3.06196665763855	15.5122906031393	3.01047870308425	3.62432428804426	0.552817494345383
take	3.49955652561183	8.91854330790264	14.7972965240479	2.96441173553467	16.3084590821391	2.92402375270226	3.38125046553106	0.565325503656928
talk	3.66510589812763	8.9910705972932	14.8157367706299	3.1094663143158	15.2439502080375	3.20951133219962	3.63049453128531	0.441647949639539
tape	4.71214198464777	10.9596917320512	17.5719451904297	7.04670858383179	16.4220761095354	6.39672928792514	4.61937988679932	0.515593268503825
taste	4.29382975175053	10.3163304020188	14.8082265853882	5.75998592376709	14.3943708521753	5.79528341656945	4.33457724987241	0.39511955423105
teacher	4.41548184392853	11.2093641449235	16.8297519683838	7.54605340957642	15.849387878612	7.4017111779551	4.31224341881942	0.522180224418743
tear	4.31319016635683	9.89019057047588	16.3267040252686	4.90770626068115	16.124961153565	4.73768392044587	4.22126846238862	0.482127593192378
telephone	4.76461469280189	11.4329986263536	16.4964389801025	7.99332237243652	15.3964322034169	7.81282922387992	4.72930999407227	0.389720060029903
thank	3.85032903671318	8.24186035883647	14.8649482727051	1.61104583740234	14.4779562222458	1.84099654218125	3.85744522396064	0.272874285697739
that	2.98468895564966	8.48663911116344	14.8271675109863	2.10060334205627	29.1996690046519	1.86721958554928	2.07028749814594	0.80157547362949
the	2.7642812626923	7.78104543578845	14.9503717422485	0.689415991306305	21.5638987894724	0.792367638303552	2.48674330368448	0.40866454758812
their	3.39040988654585	8.92224737894756	15.6672801971436	2.97181987762451	17.1614794030417	3.04862010534255	3.22301780668968	0.494606638930062
them	3.20973656342141	8.79988405001384	14.8273782730103	2.72709321975708	18.913333858028	2.56807999757991	2.88826782160239	0.663916808339262
then	3.23955648508668	8.97264131796581	14.8307189941406	3.07260775566101	19.9814571722407	2.97305573516543	2.8113141442562	0.705499358804809
there	3.36416829811652	8.33615359556896	14.8377027511597	1.79963231086731	16.3051252054937	1.63331711333532	3.26750951357997	0.558641668920557
these	3.65651314775663	9.68771430742961	14.8192596435547	4.50275373458862	14.774648039405	4.56897382522947	3.65931125823889	0.448906463848057
they	3.14320328957046	8.62266382467968	14.8440637588501	2.37265276908875	18.475160602883	2.38909023934815	2.89174773658749	0.549299293381602
think	3.3705153233618	8.4409384418748	14.8283557891846	2.009202003479	15.7200943759917	2.10503701939113	3.31083010938819	0.430061988687669
thirsty	4.71538993106799	12.0465235401414	18.5656070709229	9.22037220001221	16.5744253090988	9.23317887065105	4.53472506542882	0.379640078114703
this	3.13372251620548	9.1300447870515	14.8543367385864	3.3874146938324	21.0984863943568	3.30715610999025	2.63242998147797	0.69577882818395
those	3.65045751240289	9.67991778147441	16.1706027984619	4.48716068267822	15.9086394155675	4.46196929308983	3.55930112671838	0.514813532234212
throw	4.12274015930037	10.1066958595536	16.4886894226074	5.34071683883667	15.9275295333972	5.56362822054377	4.00526420358731	0.473997226640616
tickle	4.63643770419542	11.727972953441	19.9914245605469	8.58327102661133	18.2949147430415	8.89410248280428	4.3395689224677	0.353244982388039
tiger	4.84960852233579	12.9719209362291	17.4821224212646	11.0711669921875	16.3157298092745	11.0284771431382	4.58546690135615	0.48676331632033
time	3.36683349021069	8.46058747065288	14.8803510665894	2.04850006103516	17.6003186551653	1.69886240021299	3.15331815355277	0.70852252065113
tiny	3.78412820247573	11.1061007667802	14.8436784744263	7.33952665328979	15.317143114231	7.28858221998249	3.7248607763667	0.604094122491596
tired	3.95366485123703	10.0544111419938	14.7794008255005	5.23614740371704	15.1086038902451	5.35571427846317	3.91987287501977	0.463329419730145
tissue	4.7194802206722	11.3501486469529	17.3203620910645	7.82762241363525	16.4959801907694	7.74469776911569	4.58265083866686	0.384632951787449
to	2.83277322865072	7.7708934236787	14.8875541687012	0.669111967086792	25.0098215917631	0.690961685217098	2.34256060227372	0.550858992177892
toast	4.64672236578437	11.5872988392137	16.1591091156006	8.30192279815674	15.54387065558	8.38598143530674	4.571261013061	0.356259767383707
today	3.76969786988462	10.6386334587358	15.2879610061646	6.40459203720093	15.9510170172988	6.23618974887979	3.64630404686322	0.656766399634028
tomorrow	4.02331979981889	10.0917842079423	15.3031597137451	5.31089353561401	14.9404593334114	5.39390354496899	4.00988574672157	0.425208818422324
tongue	3.92264195791824	9.17607208979351	14.8115358352661	3.47946929931641	15.5395546627158	3.11851214504809	3.89143355926687	0.63343214321199
tonight	3.75754666480423	10.5238160778306	14.9091053009033	6.17495727539062	16.4555895513269	6.1065921118396	3.57687249908143	0.612845774808789
too	3.48493840385065	8.99961694967968	14.8336925506592	3.12655901908875	15.5095990433439	3.07808585774816	3.43499421388937	0.527161863946025
tooth	4.87260753067839	11.5719599415086	18.4713268280029	8.27124500274658	16.9801376599504	7.8258018132827	4.69811732045406	0.475215295537772
toothbrush	4.76516166881081	11.4788512874864	18.569766998291	8.08502769470215	17.5106388824702	8.11413059161386	4.54828639207208	0.371553621533765
touch	3.92323743882371	10.0545251060746	14.8693609237671	5.23637533187866	15.1808306830763	5.09485142844921	3.90453293242982	0.566026369282355
towel	4.21313660995533	9.92128011477214	16.8816299438477	4.96988534927368	16.1791480907549	4.90149248431777	4.09897912674009	0.517833925785614
tractor	4.94292751408041	12.4223746944688	18.7545185089111	9.97207450866699	17.0126382524045	9.94102368737098	4.68010563163288	0.427259373120109
train	4.41789040843519	11.3209104229234	16.960657119751	7.76914596557617	15.7266992405667	7.44934156051196	4.34704098279422	0.548117741019865
trash	4.56122024195758	11.18089172137	16.1413440704346	7.48910856246948	15.5206876796828	7.5952162367304	4.4978227197508	0.332132075090922
tray	4.37993399271132	10.9043659855149	16.0260543823242	6.93605709075928	15.7374527898373	7.04803708559823	4.2842867496796	0.423649628377305
tree	4.08192215955133	10.3462578941606	14.9557590484619	5.81984090805054	15.586270283473	5.30933272338959	4.05502099816257	0.680558743822238
truck	4.15872774500713	10.4336223293565	19.3350887298584	5.99456977844238	17.9790659768973	5.84597212339292	3.86444277840135	0.59143729763672
try	3.74626019239391	9.29682585489971	14.8598299026489	3.72097682952881	16.32789810572	3.74148787242504	3.61265656086086	0.56712648372512
tummy	4.89376713159851	12.5833954502366	18.3993434906006	10.2941160202026	16.8151562717964	10.4267304241388	4.64995825904261	0.361704653442653
tuna	5.13337964865433	12.672769992473	18.9959354400635	10.4728651046753	17.6676356943488	10.7514980124435	4.86251847888005	0.283498670463497
turkey	4.92937054212658	12.9006776500963	17.0406227111816	10.9286804199219	16.030717790937	10.9623801245338	4.76835174864103	0.335990741260399
turn	3.96864422331845	9.51691624415142	14.7860479354858	4.16115760803223	14.607417738339	3.72271728779222	4.04835933421733	0.615651571091608
turtle	4.88629039649456	12.9747414280198	18.1643199920654	11.076807975769	17.147746329701	11.1194533197855	4.55984024683804	0.402728359749545
tv	4.48633333679449	10.5796818424485	14.8840808868408	6.28668880462646	14.6740223993997	6.40031643358754	4.49403667182227	0.37478974594895
uh	4.0084362359224	9.93979450953228	17.0339527130127	5.00691413879395	16.3844747795145	5.3582838493106	3.89894031520413	0.320889505606832
uncle	4.1943154096747	10.5736112285875	18.2137622833252	6.2745475769043	16.7625220843672	6.25265743498069	4.00723915753047	0.520693367864486
under	3.83748984951336	9.43667623293621	16.724609375	4.00067758560181	18.096245273052	3.46580451463423	3.55530066261299	0.759038251692029
up	3.16327195103299	8.46468087923748	14.8147220611572	2.05668687820435	21.0347517094007	1.88634966399616	2.68881466466167	0.732710064139753
us	3.42840300688602	9.19584509623271	14.9092273712158	3.51901531219482	16.8853382622796	3.42842232482564	3.25448606929681	0.604656010079201
vacuum	4.8698625728269	12.632755248668	18.5626811981201	10.3928356170654	16.9587976092058	10.4054791093753	4.58848194139975	0.423846604031382
vagina	4.94768259722725	12.3265804935716	20.0295734405518	9.78048610687256	17.9467312322784	9.69886951352943	4.65160852946467	0.389445408339284
vanilla	4.77068057295424	11.9724101711534	18.816333770752	9.07214546203613	17.7441968800923	9.36271297732633	4.50088968983936	0.339895100531465
wait	3.8868694122839	9.40071400892955	14.8936605453491	3.9287531375885	14.2081738520217	3.9683945840348	3.93985657039133	0.433619544617282
wake	4.18246934810858	9.61009785425884	14.8834629058838	4.34752082824707	14.9648700868015	4.47091654978361	4.16527059294993	0.418518404853339
walk	3.83277188294529	9.71793505442363	15.4169607162476	4.56319522857666	15.3107421149903	4.61705829428622	3.7908861384298	0.454939220939345
walker	4.6574080083002	13.156533210399	17.1040420532227	11.4403915405273	16.0339620011493	11.6967670098284	4.41753914573816	0.353465223336796
wanna	4.76368641909554	9.73088499796611	22.3684120178223	4.58909511566162	18.9198498680131	4.87400969506092	4.61432598800322	0.234251185881126
was	2.95552997836214	7.82910585296375	14.854907989502	0.785536825656891	21.5107206019257	0.745682669165826	2.5895058252457	0.556017881233393
wash	4.46117711525774	10.5586378265641	16.9539604187012	6.24460077285767	16.2252163606475	6.07144836520761	4.34885047205019	0.481347050614069
washing	4.63021271984759	10.9669537235521	16.6754989624023	7.0612325668335	15.2654506322672	7.20232214492318	4.58582719983889	0.334693549207825
watch	4.06477115032151	10.0810379673265	14.8407392501831	5.28940105438232	14.8645598234758	4.97333426797991	4.10221551309218	0.57103442522383
water	3.78191323023277	9.9454095054887	14.9054946899414	5.01814413070679	16.8117090558751	4.39396752340788	3.6068741747053	0.823451203330132
we	3.17821513377171	8.57966801417095	14.8092699050903	2.28666114807129	18.2045504944042	2.30281508762804	2.93794484403595	0.56205819293231
were	3.36498359354996	8.12932535898906	15.9488019943237	1.38597583770752	16.9951765595704	1.36307476257663	3.23118364186212	0.495078916785723
wet	4.14873314987915	10.56365892184	16.6566352844238	6.25464296340942	16.231261822155	6.27561242796453	3.99807740477551	0.540110595348748
what	3.29557176478266	8.01168385040981	14.8624267578125	1.15069282054901	16.8323727347757	0.97535155547434	3.17109178417453	0.550764892571038
when	3.29393876322367	8.5416875768922	15.3236808776855	2.21070027351379	17.9411451405063	2.27610618074566	3.07613488791837	0.537017492862426
where	3.57601337299575	8.6936868120454	14.8773145675659	2.51469874382019	14.5737584249491	2.44257228306365	3.60867021989571	0.53368856172781
which	3.49554515563231	8.67126294863445	14.9251546859741	2.46985101699829	16.7812624738979	2.4120462591554	3.3490231676545	0.56562857409688
white	3.69999270317976	10.3417043377183	15.597599029541	5.81073379516602	16.6474370606111	5.52103808859534	3.50902144716389	0.711127787091723
who	3.5059419328656	8.0881279398225	14.8818759918213	1.30358099937439	15.45671974994	1.26618561465424	3.46774963709252	0.495473699248278
why	3.61620358808629	8.29545214665157	15.5842990875244	1.71822941303253	15.7877026928344	1.75524848506121	3.55233349861306	0.469975401903315
will	3.34791838399758	8.98655375731212	14.8013172149658	3.10043263435364	16.5608664041454	3.20476044319335	3.20798266003785	0.518186972297739
wind	4.08829705521653	10.2991103817247	14.8470373153687	5.72554588317871	14.9640445912709	5.26816040066537	4.13645208488427	0.637518595677107
window	3.86019330212215	9.41624018442852	16.0747051239014	3.95980548858643	16.7818870940951	3.96521159846933	3.70026406973558	0.531286534338493
windy	4.80087508778283	12.9182758022569	19.2130069732666	10.9638767242432	17.5600843358014	11.2858794114258	4.53817540921765	0.251374034783627
wipe	4.35033439238962	9.64091059458477	16.2053031921387	4.40914630889893	15.688877702651	4.45982728183153	4.28657454328651	0.41213017954058
wish	3.91582018440844	9.55819770586711	14.8080549240112	4.24372053146362	15.4975582446977	4.2263178910512	3.85749754133299	0.540536919544735
with	3.14187422608564	8.33595201266033	14.9929332733154	1.79922914505005	22.6097837754735	1.70011470282315	2.61193921582437	0.691872593389144
wolf	4.24397716673078	11.5913619686387	18.682638168335	8.31004905700684	17.8513191780495	7.98812283214782	3.85604336275758	0.702345837152592
woods	3.98764510726308	10.6886584450029	14.8998918533325	6.50464200973511	15.5255712719086	6.59414365187521	3.89920209498087	0.530779785033871
woof	5.10838206540802	12.854250877025	18.7467288970947	10.8358268737793	17.6568436916659	10.9716404310044	4.79648145794899	0.33305044546355
work	3.68851707981498	10.0073899914048	14.9017210006714	5.14210510253906	18.9260936936433	4.16231390173356	3.24829317075065	1.04182432583841
would	3.29166530479204	8.14264222872478	14.9662189483643	1.41260957717896	16.5232803925525	1.43233444782961	3.1889478746248	0.46210985538182
write	4.23873042196572	10.1664695431016	15.7589054107666	5.46026420593262	15.8348205702585	5.66325622150304	4.13473227004433	0.451955545879093
yard	4.23463812972458	10.6525137115739	17.5136413574219	6.4323525428772	16.5685319369771	6.38986535169589	4.06650791519461	0.51294714930304
yellow	4.07388977203029	11.0451774288438	14.9139003753662	7.21767997741699	15.1372131298254	7.37556233793702	4.02872990740964	0.41447877312432
yes	3.49880878378254	9.34737810385448	14.9533739089966	3.82208132743835	15.6859539896392	4.08781640103616	3.41705698777853	0.438097439617384
yesterday	4.33280195539142	11.097859590175	14.8295011520386	7.32304430007935	14.9096479931757	7.17161764467633	4.34628681797777	0.455812305003485
yogurt	4.96886752239053	12.5168409038804	19.3703937530518	10.1610069274902	17.991892380753	10.6326881842667	4.70060905495589	0.251478927407232
you	2.98872332536001	8.13186916601879	14.9311046600342	1.39106345176697	20.4857866413173	1.45255526103067	2.67075385032386	0.517058895222032
your	3.21051407162052	8.5761433531068	14.7957010269165	2.27961182594299	17.0121483374473	2.37755834025724	3.05599453293408	0.501381083472539
yourself	3.96161698710769	9.55240842592937	18.8437671661377	4.23214197158813	18.0903028091188	4.24318511424624	3.70738932687027	0.53513854582602
yum	5.04086004688496	12.7363023449205	19.1226234436035	10.5999298095703	17.8130804480269	10.5482052119952	4.70947409706853	0.393736226490798
zebra	5.19255637081783	13.3105120350145	19.1152667999268	11.7483491897583	17.7250770742952	12.0030592111764	4.81178090524543	0.312924519206922
zipper	4.59699518307163	10.8955399681352	17.0067462921143	6.91840505599976	15.9323725022371	6.93845419963967	4.49222993834612	0.434224836637905
zoo	5.01244420493728	12.2570523906968	17.4452095031738	9.64142990112305	16.5125974022644	9.36746165727868	4.82001953459896	0.497082696146019
