Token	LmAoA	LmCutoff	MaxSurprisal	MinSurprisal	ParamUpper	ParamLower	ParamXmid	ParamScale
a	2	19.0874050777232	14.8288593292236	3.39857339859009	34.742007429601	3.43280272584537	1.78057742903737	0.65760498426024
about	3.02482165158884	11.4290392646595	14.9235877990723	3.84434056282043	19.5037578708541	3.35432065846491	3.02482165158884	0.83539214531248
above	3.95882251466533	11.7227626958088	15.1306715011597	8.4023380279541	15.4411866328907	8.00433875872694	3.95882251466533	0.714256964312214
after	2	18.786914950293	14.8096837997437	7.37754392623901	30.6457313041451	6.92809859644098	1.37687578803668	1.18423958573112
airplane	4.66982185403466	14.2953811472164	17.9010562896729	11.7793312072754	16.7637001874553	11.8270621069775	4.66982185403466	0.398278921379457
all	2	18.7664274458285	14.8973827362061	6.56465816497803	31.0536543409307	6.47920055072624	1.63003892678904	0.859773887815758
alligator	4.96694426502814	15.4270649108667	18.9098815917969	13.5040493011475	17.182904418056	13.6712254036774	4.96694426502814	0.227083267555667
am	3.63404128744374	10.8169567663145	16.6019077301025	6.01548480987549	15.5304563061854	6.10345722644368	3.63404128744374	0.374029981987635
and	2.71988006995486	9.4978791117495	14.870415687561	3.29231357574463	15.3136020801234	3.68215614337559	2.71988006995486	0.0830428027910492
animal	4.26127409999692	12.4522828251607	15.6677274703979	9.35049247741699	15.4710662274354	9.43349942288602	4.26127409999692	0.426247771458358
ankle	4.29245045363129	13.1744632470281	18.9043502807617	9.16557788848877	17.3115722198699	9.0373542741863	4.29245045363129	0.512365035630533
another	3.05490939548595	12.6316723256165	15.3423147201538	7.02260494232178	18.8149167852076	6.44842786602542	3.05490939548595	0.972283320377028
any	3.20530916277125	11.6781033982977	14.8918790817261	6.27030181884766	17.2921353290703	6.06407146752516	3.20530916277125	0.71750266705777
apple	4.67167559326267	13.0916839604873	16.3529987335205	10.6470136642456	15.6356169199044	10.5477510010702	4.67167559326267	0.399126970376481
are	3.45291461013446	9.52673292551746	14.9137020111084	3.7495174407959	15.467494058015	3.58597179301992	3.45291461013446	0.548179573343921
arm	3.92157775601415	9.34533286950158	14.8547410964966	5.08954954147339	13.5574490544997	5.13321668450346	3.92157775601415	0.460940827768808
around	2.66340934630409	12.6408856975949	14.8712091445923	4.98196744918823	20.9899599459212	4.29181144926861	2.66340934630409	1.02440126332757
asleep	4.29210163435513	10.103378363248	15.2166128158569	4.85666275024414	15.1267976709672	5.07995905552876	4.29210163435513	0.300046537043762
at	2	16.6145902221783	14.9000158309937	4.85788679122925	28.4687613041621	4.76041914019452	1.95413704783151	0.769038490433614
aunt	4.25432396323419	12.4819174548345	14.9223251342773	10.2383909225464	14.5120646239393	10.4517702857296	4.25432396323419	0.290598542989514
awake	4.48119420705992	11.6882977495811	16.3207302093506	8.07960414886475	15.4850364220051	7.89155907715701	4.48119420705992	0.455260728524668
away	3.36824879444009	10.5448729872363	14.8570241928101	4.45270156860352	17.1767735056107	3.91297246886182	3.36824879444009	0.794692856119387
baby	3.86686308206283	11.5691453607053	14.8961524963379	8.34445762634277	14.7325915971555	8.40569912425508	3.86686308206283	0.473082645187435
babysitter	4.76079171176343	14.6709292737057	18.9004859924316	12.3430786132812	16.7179135825041	12.6239449649074	4.76079171176343	0.225890961306098
back	2.35442882113049	14.0825750998478	14.8939723968506	4.8760404586792	23.565364495546	4.59978570414956	2.35442882113049	0.872994242776063
backyard	4.22827446422703	13.4653225555474	18.4128704071045	9.34101963043213	17.2318797747994	9.69876533629547	4.22827446422703	0.357378493369589
bad	3.78230512667696	11.2191891706996	14.8733558654785	7.52547931671143	15.0414279562254	7.39695038517383	3.78230512667696	0.596195224264013
ball	4.17800658294297	12.1445948162345	14.9065809249878	9.25222587585449	15.3815230815494	8.90766655091961	4.17800658294297	0.690026955127527
balloon	4.59652367257448	14.5882353948525	18.6213798522949	11.782187461853	17.2944615201017	11.8820092696034	4.59652367257448	0.39111720931437
banana	4.72028015847112	15.1463186886646	17.97607421875	13.0809650421143	17.0146328016801	13.2780045756492	4.72028015847112	0.250865438121557
basement	4.13050821973607	12.9377623970577	17.4558067321777	8.97867584228516	16.6888290451108	9.18669574900452	4.13050821973607	0.392761819975846
basket	4.54397137765428	12.2866336499226	16.7576446533203	8.87826061248779	15.6269563481158	8.94631095172946	4.54397137765428	0.36083916470925
bat	4.68376162365652	13.5372379096983	15.7440319061279	11.8291988372803	15.190889484165	11.8835863352315	4.68376162365652	0.324104422328381
bath	4.48594999958035	12.8146752838386	17.4090385437012	9.52231407165527	16.3825598432839	9.2467907243933	4.48594999958035	0.511810737202511
bathroom	3.95906673675745	11.1652303326151	16.5578918457031	6.20867538452148	15.9789356710324	6.35152499419771	3.95906673675745	0.451546367635835
bathtub	4.60595946105936	14.0699891219573	18.4808330535889	11.280385017395	16.650298943874	11.4896793000407	4.60595946105936	0.336388188129542
be	3.12670075420972	9.76112128199843	14.8940343856812	2.79095554351807	16.8283773768762	2.69386518712067	3.12670075420972	0.507528415463934
beach	4.11202498153796	11.82092705256	15.9434013366699	7.85858345031738	15.7695321435172	7.87232196160278	4.11202498153796	0.499783200407252
beads	4.61278510111311	14.6043362011026	17.6404361724854	12.3348741531372	16.700167715963	12.5085046862421	4.61278510111311	0.315122272270644
beans	4.69029235596675	12.8416147999659	17.1995048522949	8.81385612487793	9.08067156481496	16.6025580351168	4.69029235596675	-0.278942918406897
bear	4.36284914899503	12.4338350409563	15.8243713378906	9.74657726287842	15.301902002582	9.56576807933059	4.36284914899503	0.525863496043419
because	2.22598252308192	14.7802904105175	14.8509864807129	7.48854446411133	22.3548979735298	7.20568284750511	2.22598252308192	0.98071703447183
bed	3.77654552879138	10.2200890711221	15.6372833251953	4.64835262298584	16.0128116843679	4.42736645787631	3.77654552879138	0.599763540461482
bedroom	4.10400393750272	10.4854717324767	14.7978973388672	6.07084655761719	14.7377361768099	6.23320728814356	4.10400393750272	0.392500683586243
bee	4.94212357979363	15.3569082400266	17.6431312561035	13.9315967559814	16.6822799402881	14.031536539765	4.94212357979363	0.326581670860871
before	2	16.0957118337413	14.90598487854	6.52312469482422	26.1049965623925	6.08642710509016	1.97454775360064	1.05007640891135
behind	3.28529781269936	11.862098167671	15.1084232330322	6.59971141815186	17.8829925510745	5.84120378426758	3.28529781269936	0.964483250303112
belly	4.12014956277682	11.6409941053804	14.93092918396	8.25692939758301	14.738013748044	8.54397446271673	4.12014956277682	0.363894595296077
belt	4.47929765885551	11.3740100703171	16.3363742828369	7.42849636077881	15.849723780647	6.8982963599872	4.47929765885551	0.556168783537592
bench	4.16945421504285	12.0736727072583	17.0259819030762	7.83314037322998	16.0290597275105	8.11828568700614	4.16945421504285	0.360494349044596
beside	3.89066223297506	11.639566508466	17.4428558349609	7.21762704849243	16.0066946067177	7.2724384102143	3.89066223297506	0.442487167335195
better	3.65712501626161	11.4547981267607	15.7128067016602	6.68376731872559	16.7177308043222	6.19186544919929	3.65712501626161	0.770372167548763
bib	2.7322938184057	16.1750908252729	19.5192928314209	14.8803272247314	14.8893865739593	17.4607950765864	2.7322938184057	0.0293848601947275
bicycle	4.84605572040391	14.5187603377321	18.2708759307861	12.2862958908081	16.809082420073	12.2284382553911	4.84605572040391	0.349107325932305
big	3.24015753306046	12.456065475337	14.8755588531494	8.72819328308105	16.2885987622999	8.62353218837413	3.24015753306046	0.692255608742588
bird	4.32184802142556	13.0794475325997	15.4721450805664	10.9105405807495	15.1464937153421	11.0124013498573	4.32184802142556	0.410874423790186
bite	4.30228249998735	11.825140332683	15.006890296936	8.54932117462158	14.9462669119878	8.70401375337818	4.30228249998735	0.346376546561009
black	3.27298442112831	12.4053795425322	15.8299875259399	8.03236484527588	16.9113274521733	7.89943163289107	3.27298442112831	0.7091078729036
blanket	4.24415178363276	11.7460939202716	15.2899618148804	8.14130115509033	15.3427467925471	8.14944104799618	4.24415178363276	0.475639575181813
block	4.37868356570948	12.7294116939233	15.1238632202148	10.440523147583	14.9859090283738	10.4729143594729	4.37868356570948	0.422716587692854
blow	4.27643512443569	12.5436899300233	16.720495223999	9.24282073974609	15.836711541425	9.25066831862165	4.27643512443569	0.500147704723977
blue	3.83127883915235	11.6718482770268	15.0446701049805	8.16917514801025	15.425853894445	7.9178426596085	3.83127883915235	0.665334260814749
boat	4.0561339616188	12.5128506020125	16.3279476165771	8.96340179443359	16.2072111384408	8.81849006558426	4.0561339616188	0.604646977084725
book	3.83320337402346	12.0715077440674	16.8970203399658	7.89627408981323	16.6054811754114	7.53753431272344	3.83320337402346	0.682637685244972
boots	4.29508000372167	11.4305257557837	16.4995803833008	6.94889640808105	15.9902033757125	6.87084813585493	4.29508000372167	0.456339371046699
bottle	4.17501765124607	11.2672397115292	15.9693880081177	6.97337293624878	15.6529527126821	6.8815267103763	4.17501765124607	0.508693427419037
bowl	4.40547589927137	12.0110501609201	16.1958503723145	8.42214870452881	15.7283214348977	8.29377888694241	4.40547589927137	0.446655035557224
box	4.12841744838679	11.5895866449642	14.9049110412598	8.43812656402588	14.8256632614087	8.35351002851968	4.12841744838679	0.519974196572646
boy	3.90197092830203	11.1206617484782	14.9205617904663	7.83425807952881	14.4147728029103	7.82655069404603	3.90197092830203	0.478362446932718
bread	4.5743817904111	11.8350542424307	15.8697338104248	8.43484783172607	15.0917967155938	8.57831176926759	4.5743817904111	0.308958737458329
break	3.96938723418402	11.9249881831494	15.3909711837769	8.94687843322754	14.9066088692809	8.94336749701796	3.96938723418402	0.480128129442062
breakfast	4.5779187769871	11.8346870078436	15.0179023742676	8.82028198242188	14.7644552401567	8.90491877553043	4.5779187769871	0.346567690273545
bring	3.9775429145496	11.0772051910721	14.8363075256348	8.27058601379395	13.5617288767276	8.59268150541664	3.9775429145496	0.285405886959121
broken	4.06092509021925	12.32875049759	14.8386030197144	10.0414972305298	14.5956412764481	10.0618597187318	4.06092509021925	0.507507785633818
broom	4.61023304039961	14.9879647770346	18.2769222259521	12.8245220184326	17.0861242497493	12.88980530432	4.61023304039961	0.365310777589769
brother	4.00351418052119	10.1614141407252	14.769416809082	6.44971609115601	13.7384300243277	6.58439825712261	4.00351418052119	0.367660311401216
brown	4.08063474248535	11.911511293855	15.3841991424561	8.58910274505615	15.3450270145169	8.47799557319316	4.08063474248535	0.525051106070603
brush	4.46644924403015	12.440844410803	15.4499549865723	9.91596412658691	14.8881003016975	9.99358851990857	4.46644924403015	0.409757493389946
bubbles	4.77012113223395	14.635689343865	17.4014625549316	12.5732669830322	16.5693110046694	12.7020676830606	4.77012113223395	0.296398230072583
bucket	4.37392034919854	13.5903565620925	16.7942581176758	10.751971244812	16.3460635654185	10.8346495587665	4.37392034919854	0.406993046992162
bug	4.66066631112806	14.4423563507548	16.6250343322754	13.0856437683105	15.7368276181183	13.1478850833914	4.66066631112806	0.34344100655042
build	4.3262278973537	12.4835096269173	15.1200466156006	9.70042896270752	15.2559116645016	9.71110758933292	4.3262278973537	0.447534243752265
bump	4.78215639077266	14.1190230892927	17.2217826843262	11.9396486282349	16.2757068225355	11.9623393560498	4.78215639077266	0.355496659553548
bunny	4.86999407231426	15.7251622800876	19.6360645294189	13.5025281906128	17.7464384369169	13.7038861232583	4.86999407231426	0.294032092758641
bus	4.22462135359281	12.8766688383023	16.4165058135986	9.90857028961182	15.8778282923846	9.87550938422004	4.22462135359281	0.52555286314569
but	2.85419810166138	11.1907889798233	14.9084634780884	3.65280747413635	18.6972209257852	3.68435703386147	2.85419810166138	0.540949941340539
butter	4.5647988256086	13.2520336922735	17.5606651306152	10.1201448440552	16.2363958522157	10.2676715323312	4.5647988256086	0.245627349261853
butterfly	4.71241032521132	14.616616101624	17.3982429504395	12.8475704193115	16.2079345662691	13.0252976369789	4.71241032521132	0.338208452953825
buttocks	4.50301188564741	14.3966408588866	18.9539833068848	11.0607461929321	17.3691020184562	11.424179699317	4.50301188564741	0.289611234782819
button	4.54542695502656	10.5543449248394	14.8586311340332	6.39887762069702	14.9080696381458	6.20062021153291	4.54542695502656	0.411242421389382
buy	4.02852421634918	12.243906053408	15.3714904785156	9.1111888885498	15.1230980628321	9.36471404398384	4.02852421634918	0.369331601387066
by	2.61450762137057	12.9814913922347	14.8264789581299	4.95248603820801	21.3013262463737	4.66165653809562	2.61450762137057	0.847294050438043
bye	4.75718550526958	13.949088591909	18.014820098877	10.9879760742188	16.7352246113975	11.1629525724204	4.75718550526958	0.265572663638572
cake	4.58059975475402	12.7543153332163	16.797924041748	9.43290519714355	16.1171453465562	9.39148531987646	4.58059975475402	0.3859458992434
call	3.5721255729072	12.0196647526578	16.7124996185303	7.47716569900513	16.8330238669215	7.20630563839417	3.5721255729072	0.726477127096249
camera	4.27050359023002	12.9352966262448	17.3829917907715	9.68232154846191	16.5854383662494	9.28515488624029	4.27050359023002	0.622243023992465
camping	4.79811204721026	15.5361700422695	18.6279296875	13.5701923370361	17.3292506366337	13.7430894479053	4.79811204721026	0.266726314147715
can	3.07348134031597	10.9116821835967	14.8768558502197	4.66507959365845	17.2245403603184	4.59882400687504	3.07348134031597	0.573311690162746
candy	4.60830266358513	14.2652781580887	17.609016418457	12.1794872283936	16.4206254274016	12.1099308887759	4.60830266358513	0.421904243328408
car	3.51859484036384	11.8889662552322	16.7635726928711	6.72076320648193	17.208100884447	6.56983162601736	3.51859484036384	0.661499050702555
careful	4.26474093019509	11.2771241823566	15.7233066558838	7.37379550933838	15.0063149169816	7.54793344773157	4.26474093019509	0.336572417394078
carrots	4.75677154874342	14.8061115311909	19.233980178833	11.4657535552979	17.8211408969552	11.7910821654266	4.75677154874342	0.186035267527473
carry	3.95242337301285	12.9233059589029	17.3926315307617	9.55983352661133	16.1667565832785	9.67985533452731	3.95242337301285	0.4093714318214
cat	4.22463594039618	12.8346258436903	14.847092628479	11.0722799301147	14.5760822515969	11.0931694357837	4.22463594039618	0.474056167549781
catch	4.01374648389181	11.5916363343429	14.8389701843262	8.59248542785645	14.3435095479678	8.83976312071806	4.01374648389181	0.35812094527111
cereal	4.73524746643286	13.7528066872972	18.3732929229736	10.3471145629883	16.8451283139162	10.6604850606783	4.73524746643286	0.243484410340973
chair	3.97949285953084	10.0226632921524	16.3242950439453	4.54385566711426	15.4836488740843	4.56167771022058	3.97949285953084	0.444863633165486
chalk	2.9351520899134	15.2000524506973	17.9903774261475	14.4015512466431	14.7352006813329	15.6649042200618	2.9351520899134	0.0141358159984574
chase	4.35544739247586	13.6962157673996	15.8663272857666	12.2428579330444	15.4254519793333	11.9669795554659	4.35544739247586	0.729574576241115
cheek	4.09020643191256	9.44468670188744	14.8776884078979	4.2381706237793	14.4624929358544	4.42688046792049	4.09020643191256	0.347278108056994
cheese	4.53145033938313	12.5153842926313	17.0649471282959	8.66693305969238	16.2659016630898	8.76486692217271	4.53145033938313	0.322909625130812
chicken	4.66951115093151	13.2626801611801	16.2383041381836	11.0309524536133	15.5764486813849	10.9489116409752	4.66951115093151	0.367230662245452
child	3.91234020834563	11.4754939551814	15.7436552047729	7.71481084823608	15.206104694447	7.74488321591577	3.91234020834563	0.510603709098128
chin	4.03863202374762	10.6398413021385	14.8505220413208	6.47748947143555	14.6380848368669	6.64159776741011	4.03863202374762	0.427938129267312
chocolate	4.48108582665687	12.6909155504046	15.9698543548584	9.70442390441895	15.5558652108414	9.8259658899677	4.48108582665687	0.360058689587826
choo	2.77204943825815	15.8800098388194	21.1204128265381	14.3131284713745	14.9438665559088	16.8161531217299	2.77204943825815	0.0500015029668684
church	4.14444031889287	12.1699822252574	15.7762594223022	8.98293495178223	15.544820526755	8.79514392375972	4.14444031889287	0.573870198800054
circus	4.63017309438091	15.0036922854416	18.2441844940186	12.8953380584717	17.0869286619562	12.920455908927	4.63017309438091	0.437743028259574
clap	4.72711514008577	15.3834707363023	18.2826499938965	13.4281454086304	17.2274492429179	13.5394922296867	4.72711514008577	0.367199578114057
clean	4.14421858642812	12.7642930444658	15.7659749984741	10.2429552078247	15.6365063883326	9.89207970059892	4.14421858642812	0.680050041949436
climb	4.3040800550345	12.4953891841085	15.4050941467285	9.52414035797119	15.2820218638213	9.70875650439569	4.3040800550345	0.339085315910955
clock	4.49413376020254	12.0441396567346	16.1338310241699	8.76614093780518	15.6161084103118	8.47217090315738	4.49413376020254	0.518643482516262
close	3.67652148945897	11.185467598143	14.8500728607178	7.67756462097168	15.4769578342118	6.89397736207419	3.67652148945897	0.983430297121857
closet	4.40141042842766	11.6334668184624	15.2632446289062	8.01502704620361	15.2944853451125	7.97244829181231	4.40141042842766	0.474511854545824
cloud	4.38029947300566	12.4508749624511	15.3340368270874	9.6802921295166	15.0961979616729	9.80555196322931	4.38029947300566	0.385125662833519
clown	4.69694931896498	15.0498686471076	17.9705619812012	12.9930334091187	17.0066687844487	13.0930685097666	4.69694931896498	0.337642595303374
coat	4.23821116761463	11.3650130365072	15.3330001831055	7.48050737380981	15.2816730898896	7.44835298312474	4.23821116761463	0.422405551792114
coffee	4.13154191164462	11.2494203863811	15.5739965438843	7.36304330825806	15.2992667095531	7.19957406320917	4.13154191164462	0.5052461429469
coke	4.73155186155874	13.2923498104711	17.4672584533691	9.98178100585938	16.5599250137724	10.0247746071697	4.73155186155874	0.292476407648867
cold	3.76332298255911	11.8561134140788	14.8203792572021	8.96698951721191	15.4557066060674	8.25652022209028	3.76332298255911	0.983245768310792
comb	4.75831665110218	15.1208290543656	17.5447368621826	13.4961576461792	16.5811176941598	13.6605404145714	4.75831665110218	0.29737044778995
cook	4.61288091107979	13.0752610852183	15.4743585586548	11.1104297637939	14.9984719572447	11.1520502131919	4.61288091107979	0.36489609891777
cookie	4.7781833138526	14.151960681656	17.7566013336182	11.9087038040161	16.2362745656263	12.0676467976857	4.7781833138526	0.299269789787389
corn	4.68475014818963	14.2297434547274	16.7613563537598	12.6164789199829	15.7548131397158	12.704673769739	4.68475014818963	0.330272674377822
couch	3.87673499533306	11.6962987306542	20.3400096893311	5.08939647674561	18.0529093627736	5.33968809853488	3.87673499533306	0.368544020325866
could	2.98594500612991	11.0488696348363	14.8592052459717	4.22081661224365	18.0204057480233	4.07733352164921	2.98594500612991	0.644804619051001
country	4.05723437464531	11.5831080140689	15.0134706497192	7.99871015548706	15.318185342894	7.84803068524372	4.05723437464531	0.567883227979682
cover	4.10135048689137	12.5626174614633	15.1465339660645	9.92325019836426	15.5216784000782	9.60355652284847	4.10135048689137	0.713896548705529
cow	4.57588736738387	14.4748442505953	17.1051921844482	12.6742668151855	16.2401686116936	12.7095198894971	4.57588736738387	0.408194216496932
cowboy	4.65561456759603	14.1807425518685	16.8819141387939	12.0743989944458	16.0183601756779	12.3431249280591	4.65561456759603	0.304886322047778
cracker	4.77297764387986	16.4766653870394	20.5791625976562	14.1699047088623	18.571754151441	14.3815766226378	4.77297764387986	0.307339319583456
crayon	2.87967503556662	15.497910340869	19.5843238830566	14.2195854187012	14.7945391997729	16.2012814819651	2.87967503556662	0.0456611179906061
crib	4.6469687064458	14.8641251248385	18.2665939331055	12.4093265533447	17.0506699359509	12.677580313726	4.6469687064458	0.3107130081207
cry	4.35295650239772	10.9450351482948	14.8725471496582	7.56802797317505	14.3052130178278	7.5848572787619	4.35295650239772	0.382275411418162
cup	4.41181240167059	10.6871046025175	15.8610153198242	6.65285491943359	14.985451830634	6.38875737440099	4.41181240167059	0.471843825745734
cut	3.41438516349756	12.9313361103754	14.910795211792	10.1317729949951	16.1811357331686	9.68153648758218	3.41438516349756	0.986990765688692
cute	4.3247073472266	13.2524850304546	16.4101886749268	10.5396127700806	15.8664542718997	10.6385157890094	4.3247073472266	0.392634059556197
daddy	4.242512986271	13.8306386307735	16.7338924407959	11.5540647506714	15.9839106215957	11.6773666399514	4.242512986271	0.400355881698266
dance	4.39780157921854	12.1560398941734	15.372652053833	9.22216796875	15.4078987043433	8.90418108400351	4.39780157921854	0.623424569367149
dark	3.41451842584244	12.054262307867	15.1537370681763	7.91244649887085	16.3580556772238	7.75046893851027	3.41451842584244	0.703766316181832
day	3.76478372577711	9.86147737884833	14.9243278503418	4.86080312728882	15.0098107395543	4.71314401814237	3.76478372577711	0.541038965066863
deer	4.63530383706684	14.1534471961255	16.9909477233887	12.1019191741943	16.1958376622537	12.1110567299972	4.63530383706684	0.424318125701496
diaper	4.92970421296428	14.8590233941063	18.3980522155762	12.5709867477417	17.2010902421187	12.5169565460939	4.92970421296428	0.338197025501744
did	2.46311780285118	13.6284413411128	14.8774833679199	6.0046181678772	21.4639819302651	5.79290075196041	2.46311780285118	0.867581001676278
dinner	4.27443354058206	11.28577085531	16.0667400360107	7.7113823890686	14.9991381361856	7.57240357443438	4.27443354058206	0.48037327657556
dirty	4.53160202586464	12.7940387718959	14.9443550109863	11.1036558151245	14.4137706696861	11.1743068741057	4.53160202586464	0.369604918064713
dish	4.76155155778998	13.6828686143268	16.4761123657227	11.6909942626953	15.5070908721661	11.8586463564875	4.76155155778998	0.321634369538554
do	3.20107807516565	10.808344512612	15.2050905227661	4.70218324661255	16.9009198371951	4.71576918802895	3.20107807516565	0.505029726927653
doctor	3.96390053552502	12.38289451618	16.4930458068848	9.3918399810791	15.3598967750284	9.40589225733153	3.96390053552502	0.527779347861901
does	3.83194224893338	11.0756047432438	15.440357208252	7.07302093505859	14.9866894962897	7.16451999019796	3.83194224893338	0.392642450018028
dog	4.20343818555617	11.8238512507934	14.7866058349609	9.43272972106934	14.1979855180534	9.4497169835334	4.20343818555617	0.486296906921353
doll	4.65528672427437	13.1768262697714	16.7095756530762	10.355562210083	15.9345780943449	10.419074445198	4.65528672427437	0.309794426626386
donkey	4.97854955052899	15.3917456045167	18.4678573608398	13.4680490493774	16.652776840652	14.1307143683813	4.97854955052899	0.261702299116821
donut	4.86322638633865	15.7510134311877	19.8823471069336	13.6280288696289	13.8444043252671	17.6576225371084	4.86322638633865	-0.216396737761089
door	3.72330723310034	9.22397029286284	15.0716352462769	3.19868159294128	15.3191060983917	3.12883448733398	3.72330723310034	0.482985866843755
down	2.85434281801375	11.9137494698127	14.8940925598145	4.58814430236816	19.6243487386935	4.20315020093187	2.85434281801375	0.82655820395099
downtown	4.4714812732266	13.7540310363332	17.5452365875244	10.9554328918457	16.4402949499451	11.0677671227213	4.4714812732266	0.316295565796801
draw	4.2705935405574	12.5020295609794	14.9809837341309	9.90004348754883	14.9538883316597	10.0501707902992	4.2705935405574	0.336948023116537
drawer	4.58073350452379	10.6164069311813	16.0813045501709	6.11688709259033	14.8871516519896	6.34566221037291	4.58073350452379	0.302227401335086
dress	4.26634705259733	11.0588167231515	14.9148950576782	7.80831670761108	14.3747912075638	7.74284223873929	4.26634705259733	0.470829549300153
drink	4.12548045366753	11.3830561498116	16.0942783355713	7.35896444320679	15.4804965526722	7.28561574695091	4.12548045366753	0.480571235460621
drive	4.32922523149529	11.7080921293645	14.8809747695923	9.03955459594727	14.5467400565667	8.86944420216232	4.32922523149529	0.524464317767826
drop	4.23976320974405	12.0615281208816	14.8419332504272	9.56289863586426	14.4143650209982	9.708691220765	4.23976320974405	0.341731984671421
dry	4.42167305485214	12.2544329079953	14.8307456970215	9.82202434539795	14.6857805388818	9.82308527710873	4.42167305485214	0.415026544547035
dryer	5.05749438117253	13.4556505327357	18.6507339477539	10.0085363388062	17.3496581753484	9.56164289012309	5.05749438117253	0.346019877772058
duck	4.68119667313279	14.2391237982903	16.7908401489258	12.3080644607544	16.0564150566452	12.4218325399353	4.68119667313279	0.315509970799283
dump	4.57587867659557	14.7686634413438	18.0272350311279	12.9614486694336	16.42724330151	13.1100835811776	4.57587867659557	0.305185073468903
each	3.24884572671796	12.2972376039049	14.9032363891602	7.30019474029541	17.8040159492494	6.79045925856034	3.24884572671796	0.905482947089538
ear	4.01277844665602	10.1573027549504	17.2649040222168	3.9106707572937	16.4732420608094	3.84136344909137	4.01277844665602	0.452029254451872
eat	3.9460654881468	11.6952941617078	15.9663228988647	7.6841459274292	15.6824781726148	7.70811015080073	3.9460654881468	0.469442699350939
egg	4.42415505260615	14.3371420217529	18.3808059692383	11.9274244308472	16.7380221745695	11.9362618689364	4.42415505260615	0.416373763616068
elephant	4.51813097750756	14.723291503017	17.8385391235352	12.4276742935181	16.7117388490328	12.7348441570013	4.51813097750756	0.29828050025287
empty	4.11359346292417	11.5744211684279	15.5920457839966	8.19593811035156	14.9575103766038	8.19133196025203	4.11359346292417	0.454719022871485
every	2.29077248047561	15.0435431222629	15.5099277496338	8.606520652771	22.0090652883482	8.07802095617761	2.29077248047561	1.1510092101553
eye	4.24504497077086	9.82590550451708	15.2925968170166	5.17729949951172	14.676877939283	4.97493306975116	4.24504497077086	0.474167132584763
face	3.54202327101842	9.65730231077243	14.8083190917969	3.87264394760132	15.65228229919	3.66232232235487	3.54202327101842	0.606136964300284
fall	4.18741449909647	11.3398814357699	14.9222602844238	8.12327766418457	14.6531710668663	8.02659180467351	4.18741449909647	0.490470887742117
farm	4.35149765144471	12.9305766127377	16.5827617645264	9.93220615386963	15.9296700009322	9.93148322454311	4.35149765144471	0.471125040094065
fast	4.1701255782593	11.2821426553821	14.8340377807617	8.04496479034424	14.6507307353259	7.91355457543838	4.1701255782593	0.519841875195816
feed	4.35369164367619	12.8891685759554	15.4040012359619	10.5565147399902	15.121835484134	10.6565016677768	4.35369164367619	0.409266271536945
find	3.59246004530598	10.5352259177296	15.1318798065186	5.81771898269653	15.1650409363139	5.90541089914535	3.59246004530598	0.482448170393833
fine	3.94635039817171	11.1114916993553	14.8610105514526	7.74683856964111	14.5159280153451	7.70705538336543	3.94635039817171	0.502677667846179
finger	4.10101702265318	9.99198830446349	14.8965663909912	5.3260350227356	14.6467456694832	5.33723093944378	4.10101702265318	0.423511060111866
finish	3.95005009698939	12.7752392584786	17.9111442565918	8.83338069915771	16.5553788059907	8.99509971096655	3.95005009698939	0.411494972066377
first	2.79832028911081	12.7313944300601	14.8243045806885	6.53395700454712	19.2091382191094	6.25365064101082	2.79832028911081	0.850159858431748
fish	4.09702198489714	13.6950114433929	18.0788249969482	11.1203517913818	16.3195545921237	11.0704682946621	4.09702198489714	0.508522199695087
fit	4.07951514891462	13.247503217209	18.364818572998	9.67020511627197	17.2531561804306	9.24185025398734	4.07951514891462	0.713711765449795
fix	4.14683833014826	12.9280280478899	15.1955366134644	10.6894426345825	14.9826732391678	10.873382856612	4.14683833014826	0.331079724077783
flag	4.48870302193086	13.3331890878227	16.4358959197998	10.8688459396362	15.7453498124811	10.9210283631643	4.48870302193086	0.442389011847745
flower	4.54254575205277	13.3859040691147	16.2267951965332	11.4616947174072	15.1319622123946	11.6398459258347	4.54254575205277	0.34730759175045
food	4.23788028922025	11.2715965632735	14.8951597213745	8.02816200256348	15.1816027366156	7.3615903899314	4.23788028922025	0.724144358838124
foot	4.35386239553049	10.6844635130022	14.8413896560669	7.34626960754395	14.2045753461337	7.16435167987071	4.35386239553049	0.490367076019933
for	2	78378.7498204945	14.8887214660645	4.41641712188721	156753.486087703	4.01355328602981	-9.63470962800785	1.2210220293471
fork	4.47841405879367	12.7313275688666	17.1437511444092	9.2474308013916	16.4863152101463	8.97633992758688	4.47841405879367	0.529331122046043
french	4.09398238794625	12.3628472310195	14.860878944397	9.78357982635498	15.282142816239	9.44355164579991	4.09398238794625	0.727233500532532
friend	3.99703313770413	9.98387965132756	14.9027309417725	5.70584869384766	14.1913275791956	5.77643172345953	3.99703313770413	0.413700730785249
frog	4.62900304591023	15.5890503747155	18.0257873535156	14.0402746200562	16.9587994331885	14.2193013162425	4.62900304591023	0.349405184034472
full	3.47598056268555	13.1504794566738	17.6519012451172	9.17481517791748	17.2113867362275	9.08957217712006	3.47598056268555	0.669296581707393
game	3.97541491076192	10.9249961572251	15.3433322906494	6.80321407318115	15.6941261834795	6.15586613097075	3.97541491076192	0.771875083106988
garage	4.14637615852803	12.2812319047024	16.9431591033936	8.13389301300049	16.2051946393703	8.35726917003458	4.14637615852803	0.371281036164628
garbage	4.69635419802998	13.5084433638159	16.88063621521	11.2219467163086	15.7202199317816	11.2966667958501	4.69635419802998	0.343594570109432
garden	4.26924629061204	12.3966961522173	15.2975482940674	9.3524751663208	15.3812328629679	9.41215944146664	4.26924629061204	0.46063568209411
gas	4.50054603270308	12.8769690171655	16.4493503570557	10.4798727035522	15.6406598199273	10.1132782144036	4.50054603270308	0.586414555747104
gentle	4.16011314159601	12.6113356351724	16.2632541656494	9.51518630981445	15.7045886050668	9.51808266527796	4.16011314159601	0.456021265995245
get	3.25772848484907	10.506611457831	15.4914302825928	4.72836971282959	16.3114814499158	4.70174146574622	3.25772848484907	0.523214091252214
giraffe	5.14210115580954	17.1203790925146	20.9859561920166	14.8593015670776	18.6882544579701	15.5525037270592	5.14210115580954	0.250760875277461
girl	3.84868642117977	10.402201201509	14.8644514083862	6.37574577331543	14.4382514072374	6.36615099578054	3.84868642117977	0.482796843985879
give	3.53682612242781	11.0996898322568	15.1390047073364	7.16828918457031	14.9421913381189	7.25718832639472	3.53682612242781	0.426465820814708
glass	3.99494693061687	10.9728128689805	15.6075639724731	6.61536502838135	16.1869072900077	5.75871844795326	3.99494693061687	0.807894715123043
glasses	4.53759230385221	11.1508310831549	15.1059970855713	7.42812204360962	14.8756667335968	7.42599543271291	4.53759230385221	0.402985697613936
gloves	4.49474300815248	12.3964253872527	16.6801433563232	8.56156730651855	16.030451386722	8.76239938778348	4.49474300815248	0.297380486750961
glue	4.91429701698981	15.8744448407018	18.794454574585	14.036563873291	17.4177908558092	14.3310988255944	4.91429701698981	0.2138318019289
go	3.21339794147418	11.1299699078736	14.9207592010498	5.57923746109009	16.7924126162726	5.46752719947465	3.21339794147418	0.605513305456539
good	2.54979357697659	13.1685374449436	14.804027557373	6.63173675537109	20.0658571525171	6.27121773737002	2.54979357697659	0.929027306393007
goose	4.89002165937873	14.420602950559	17.2149085998535	12.5053634643555	16.4348631992284	12.4063427018896	4.89002165937873	0.406294383149718
grandma	4.41230431316363	14.4483096151085	16.3653469085693	12.7843894958496	15.8700225758138	13.0265966544032	4.41230431316363	0.338231836806298
grandpa	4.68098519460925	14.4609434790496	16.8837203979492	12.9800052642822	15.7737080627099	13.1481788953892	4.68098519460925	0.328105159655831
grapes	4.75722664518749	15.3574317636155	18.978063583374	12.8205032348633	17.5643002675595	13.1505632596714	4.75722664518749	0.235263295934735
grass	4.08428111130753	12.1432578476818	17.0202293395996	7.86656188964844	16.3384571537556	7.94805854160796	4.08428111130753	0.469669354443961
green	3.7797101556346	12.2984340349807	15.9949550628662	9.24226474761963	15.5944373755495	9.00243069441196	3.7797101556346	0.68353228873072
gum	4.66541564711843	14.4492143728818	17.6375904083252	12.3774890899658	16.4871208254404	12.4113079203233	4.66541564711843	0.346484445710244
hair	3.86883498681125	9.13806034434922	14.8282890319824	3.84540009498596	14.4607777204776	3.81534296822084	3.86883498681125	0.450790222979126
hamburger	4.87968788678605	15.3219517388707	18.8401947021484	13.156476020813	17.3282438984381	13.3156595793033	4.87968788678605	0.228520534110312
hammer	4.530194316588	14.1085437662522	16.7359046936035	12.1213245391846	16.0253218803757	12.1917656521286	4.530194316588	0.418758199796699
hand	3.54732177659935	9.43292635811707	14.8291330337524	3.49873566627502	15.4848523309091	3.38100038532504	3.54732177659935	0.549000584063557
happy	3.89211959330829	11.2512569566865	15.4534950256348	7.09721708297729	15.3913155812959	7.11119833207718	3.89211959330829	0.471768387409784
hard	3.43228371635454	11.5434269160694	14.882622718811	6.9844822883606	16.993855876149	6.09299795598984	3.43228371635454	1.01889859247835
hat	4.50272776547506	11.5761308155098	15.0071449279785	8.45743560791016	14.7380547253437	8.41420690567592	4.50272776547506	0.400938117326134
hate	4.11520596849259	11.8866461743779	15.1601514816284	9.02678775787354	14.6327250969535	9.14056725180223	4.11520596849259	0.387561764850371
have	2.59702172027589	12.2047332749703	14.8476963043213	3.93014669418335	20.6503259429775	3.7591406069631	2.59702172027589	0.701249243560998
he	2.17169476624937	14.8161274463299	14.8953895568848	3.16424703598022	26.5037037579671	3.12855113469275	2.17169476624937	0.639476856630179
head	3.36576693280765	9.65301735408544	14.8998794555664	3.62404870986938	15.9205486704738	3.38548603769708	3.36576693280765	0.649426071545319
hear	3.83321645879183	9.99066475786927	14.8669767379761	5.53584051132202	14.3894839006373	5.59184561510124	3.83321645879183	0.458808160843978
heavy	3.99702852586027	11.8739067646167	14.852201461792	9.39865589141846	14.3931281207563	9.35468540847707	3.99702852586027	0.555979561136705
helicopter	4.52332885384274	13.445041225768	17.2061080932617	10.8129787445068	16.1051885406572	10.7848939108789	4.52332885384274	0.45787065258276
hello	4.38963666643996	12.8905264468259	17.5609321594238	9.28553676605225	16.3478413539102	9.43321153974167	4.38963666643996	0.352011496856088
help	3.59745641275474	11.3169582870352	15.9847116470337	6.07042980194092	16.6429386441983	5.9909779298722	3.59745641275474	0.582474734084754
her	2	18.3054043326751	14.8577451705933	3.06195449829102	33.7232711713656	2.88753749398461	1.79525207063901	0.799184285251427
here	3.31881330303866	11.623267889622	16.2396717071533	5.91533136367798	17.3037446441151	5.94279113512899	3.31881330303866	0.56371862067653
hi	4.13029379632147	14.4287806869955	18.334379196167	12.1360187530518	16.7409878220911	12.1165735519	4.13029379632147	0.504129136842807
hide	4.07958872806085	11.5727944227485	14.893159866333	8.43497371673584	14.5669809101665	8.57860793533042	4.07958872806085	0.375522294771634
high	2	34.7177348936547	14.803032875061	9.210373878479	61.8920035963144	7.54346619099507	-2.25008580699336	2.38860067645089
him	3.05160911172665	10.7784388682484	15.7290878295898	2.93055748939514	18.6527067095288	2.90417102696792	3.05160911172665	0.617566514374422
his	2	23.4122612532496	14.8658390045166	3.57169246673584	43.3292744534066	3.49524805309254	1.38888201532076	0.828692189598827
hit	3.75744732559215	12.0221924947476	14.8695516586304	8.8885440826416	15.5871896181185	8.45719537137673	3.75744732559215	0.814106886979935
hold	3.8907235360562	11.3981142005124	14.8099384307861	7.89257764816284	15.0644616775382	7.73176672348658	3.8907235360562	0.59893745807443
home	3.80653683242665	10.3795633822149	14.8707799911499	6.47778177261353	14.6540237373539	6.10510302707589	3.80653683242665	0.703345054454308
horse	4.29827961982383	11.5268857610543	14.8140525817871	8.31759548187256	15.0905475436991	7.96322397840959	4.29827961982383	0.622007433263455
hose	4.90530226534486	14.3743931985351	17.7843284606934	12.19176197052	16.3973098182445	12.3514765788256	4.90530226534486	0.307930675142701
hot	3.81266035611269	12.1214882894577	15.0378723144531	9.05841255187988	15.5188784760008	8.72409810291463	3.81266035611269	0.746612513129745
house	3.58547830076543	10.782385724812	14.9883852005005	5.71634435653687	15.9305631879249	5.63420826169906	3.58547830076543	0.599455405685676
how	3.35618794887235	11.0955185886134	16.3178672790527	5.39388751983643	16.8461859155462	5.3448512616807	3.35618794887235	0.550564804287969
hug	4.36796696617699	10.4853292706994	14.9234781265259	5.86248588562012	14.9864047940503	5.98425374734841	4.36796696617699	0.334315611338581
hungry	4.39918226202286	12.2345553131445	14.9324369430542	9.73659515380859	14.6626429577	9.80646766858896	4.39918226202286	0.389087136361794
hurry	4.37185082023622	11.9217467309623	15.6158266067505	8.31186580657959	15.3159164149326	8.52757704699193	4.37185082023622	0.286943414499908
hurt	3.66480141591602	12.0419033778744	16.4723682403564	7.64841938018799	16.6250641528233	7.45874260292557	3.66480141591602	0.67670041526621
i	2.30095842720388	13.6894055623958	14.8534336090088	2.99739599227905	24.3454405896346	3.03337053515706	2.30095842720388	0.557458321694711
ice	4.20595644792563	12.3767700620584	14.8106641769409	10.2089958190918	14.661770835991	10.0917692881257	4.20595644792563	0.580194115278895
if	2.86516395462768	11.9854272451856	14.8705530166626	4.88113021850586	19.2701705758868	4.70068391448443	2.86516395462768	0.732672381250566
inside	3.34038494320938	12.4565991962414	16.8119010925293	7.28080463409424	18.1765198344574	6.7366785580254	3.34038494320938	0.892047832291576
into	2.92397869274788	11.6746492386105	15.3621416091919	4.18910884857178	19.3585905671977	3.99070791002326	2.92397869274788	0.741185084413404
is	3.00937553307775	10.7758602009231	14.8472557067871	3.50261998176575	18.3193636677705	3.23235673407575	3.00937553307775	0.679657896234918
it	2	17.5196456229583	14.9077005386353	4.08722877502441	30.9447950860252	4.09449615989139	1.88649160303899	0.724638667032089
jacket	4.23860677201773	10.9817782643907	15.3577575683594	6.67727661132812	15.220070711736	6.74348581704549	4.23860677201773	0.371878956789634
jar	4.73978540966373	13.9923517723533	16.2777576446533	12.2061529159546	15.7608414575216	12.223862087185	4.73978540966373	0.354044071686033
jeans	4.26986537758465	10.3578212369346	16.3853302001953	5.28214311599731	15.4549791291621	5.2606633447072	4.26986537758465	0.414679913225062
jelly	4.84733192858823	14.1657525159602	18.2879371643066	11.3225584030151	16.8985559639708	11.4329490679496	4.84733192858823	0.253288294672634
juice	4.49629858928581	12.1524348131971	17.5446891784668	7.65804576873779	16.5028536879702	7.80201593842395	4.49629858928581	0.270156760155322
jump	4.14549649602243	12.7982567557514	16.5571155548096	9.67569828033447	15.7826390665208	9.81387444498201	4.14549649602243	0.401737542821931
keys	4.18342919904732	12.5275729401507	19.0155849456787	7.81114482879639	17.3880506072774	7.66709527302406	4.18342919904732	0.523684773742427
kick	4.10471055761454	13.5583452809836	18.7106018066406	10.2400226593018	16.9152553762111	10.201435185756	4.10471055761454	0.501684972243618
kiss	4.0730930532639	10.5292000246115	15.6581363677979	5.80448484420776	15.3483204477385	5.71007960148448	4.0730930532639	0.468088681117226
kitchen	3.89987026048713	10.4368379059549	15.0804042816162	5.80677700042725	14.8365363198041	6.03713949210575	3.89987026048713	0.381020933612063
kitty	5.02217062035068	15.6529028303911	17.9683361053467	14.1679544448853	16.874850631351	14.4309550294313	5.02217062035068	0.243570095811171
knee	4.21089266366353	11.7838131621828	15.823525428772	8.00559520721436	15.4530923138894	8.11453401047613	4.21089266366353	0.417147341020865
knife	4.12842851931562	11.5536186271473	15.3574199676514	7.75895643234253	15.4645193082257	7.64271794606882	4.12842851931562	0.538311053014673
knock	4.33818725706956	12.1887736589099	15.1643924713135	9.37397956848145	14.7827938186273	9.59475349919253	4.33818725706956	0.304940443298793
ladder	4.45538460662339	12.1546109576251	16.5536670684814	8.44456577301025	15.7032173561297	8.60600455912046	4.45538460662339	0.381505110958292
lady	4.16563880390246	11.6207440334162	14.8667869567871	8.98625087738037	14.185254067409	9.05623399942344	4.16563880390246	0.400949365596512
lamb	4.76836137674418	14.8000823960381	17.2899723052979	13.2553672790527	16.2510950910482	13.349069701028	4.76836137674418	0.310543027504531
lamp	4.6814076009706	12.3827633736471	16.0815887451172	9.54475975036621	15.3699125908951	9.39561415639901	4.6814076009706	0.422747450006633
last	3.06962706547889	12.4696226249621	14.8906993865967	6.93816328048706	18.4946134993654	6.44463175055873	3.06962706547889	0.933261198409888
later	4.16541747828194	9.75128380555937	14.7872762680054	6.0530948638916	13.5600039679378	5.94256364318095	4.16541747828194	0.443482926830454
lawn	4.36908770706488	12.5088222496268	16.738639831543	8.85538482666016	16.122796214909	8.89484828434457	4.36908770706488	0.418608826318947
leg	4.10981760029783	11.5848764391101	14.9266729354858	8.14851951599121	15.1172001880223	8.05255269019781	4.10981760029783	0.517604504394748
lick	4.42513595570475	13.5187451518051	16.6758632659912	10.5974750518799	16.2732429214044	10.7642473822059	4.42513595570475	0.340407533939786
light	3.38439235203576	12.6434282801446	17.0049304962158	7.42469549179077	18.2476744736322	7.03918208665698	3.38439235203576	0.829947127459554
like	2.15900027298046	15.0361445984818	14.8938932418823	5.5030689239502	24.9138790488385	5.1584101481252	2.15900027298046	0.926323845221674
lion	4.57708899174543	13.7765836087423	16.5586071014404	11.4677352905273	15.9688892231305	11.5842779943542	4.57708899174543	0.372808666450445
lips	3.76758975325267	9.93203500177219	16.1275291442871	3.826979637146	15.9491447628269	3.91492524071748	3.76758975325267	0.457467083933542
listen	3.94331473999558	12.3388988608905	15.7004556655884	9.0986967086792	15.4779877592725	9.19980996250852	3.94331473999558	0.459399455231272
little	3.03014450441596	11.7720812037477	14.889458656311	6.08374834060669	17.6851972178301	5.85896518966524	3.03014450441596	0.748556146404958
living	3.76564707378503	12.3345149386307	15.8785057067871	8.64533424377441	16.5761347522725	8.09289512498898	3.76564707378503	0.850141531038129
lollipop	4.8949722733015	16.4817257281053	20.2723865509033	13.7715539932251	18.6884407739661	14.2750106822445	4.8949722733015	0.198941790672717
long	3.20860126124463	11.3775857971334	14.8273992538452	6.14880084991455	17.0937079626811	5.66146363158561	3.20860126124463	0.873735971797968
look	3.44954380603094	11.003573823921	15.6959934234619	5.70976161956787	16.5266689297164	5.4804787181257	3.44954380603094	0.647224844918706
loud	4.33042277259143	10.5404149753103	16.1416721343994	6.23385715484619	14.8020911551771	6.27873879544355	4.33042277259143	0.327385421456851
love	3.80631259740136	10.4165228708672	14.8636922836304	6.2556939125061	15.0694730245508	5.76357271718357	3.80631259740136	0.72742691680074
lunch	4.45882387926579	11.6931664228165	14.8581142425537	8.77177429199219	14.458058172189	8.92827467344403	4.45882387926579	0.322125432531076
mad	4.11612477490624	12.8509510198434	17.2038326263428	9.87959861755371	16.002018290883	9.69988374880381	4.11612477490624	0.61275574164277
make	3.38636695315733	10.8596637856317	15.0447196960449	5.94445610046387	15.7456923580192	5.97363521324428	3.38636695315733	0.458726506239044
man	3.25636970350914	11.0030830842695	14.9104404449463	5.37047529220581	16.827964067723	5.17820210081601	3.25636970350914	0.682135386712254
me	2.42251531538713	12.9186952788862	14.844331741333	2.51818084716797	23.7060414184679	2.13134913930447	2.42251531538713	0.824048566758051
meat	4.53949699784096	12.2564226648418	15.6301774978638	9.10400772094727	15.3410488975861	9.1717964320974	4.53949699784096	0.34834809246056
medicine	4.83844097817324	13.4334991119635	17.1364345550537	11.1674070358276	16.1472581316314	10.7197400922957	4.83844097817324	0.48636719063005
milk	4.56840981055687	13.2484272307956	16.8278198242188	10.7087888717651	15.6859511412439	10.8109033203474	4.56840981055687	0.319494644858085
mine	4.13968163888253	9.99636675506446	14.8308067321777	6.17489004135132	13.9618503116259	6.03088319850302	4.13968163888253	0.508593764625309
mommy	4.49754102720359	15.1326379688569	17.5066452026367	13.3159351348877	16.7354634999951	13.5298124377187	4.49754102720359	0.313644198604538
money	4.18597427634023	10.8034077885485	14.8592138290405	7.41300392150879	14.2996472763014	7.30716830079552	4.18597427634023	0.513832847131058
monkey	4.54440461418292	15.0882017479584	17.8797950744629	13.2242403030396	16.9128145168461	13.2635889790706	4.54440461418292	0.378676459240599
moo	2.81807928961439	15.645889892946	18.3542346954346	14.8673295974731	14.9100098776257	16.3817699082662	2.81807928961439	0.0272852684766671
moon	4.07331589750068	12.5674001441495	16.9417915344238	8.9268913269043	16.3061913604314	8.82860892786765	4.07331589750068	0.556309258327055
moose	2.04650286049874	15.7226742955743	18.6926898956299	14.7755517959595	14.8622876936451	16.5830608975035	2.04650286049874	0.0282288894054095
mop	4.77257933609014	15.4904126313781	17.9772567749023	13.9889183044434	16.8237306402409	14.1570946225154	4.77257933609014	0.322153035754904
more	2	17.3404468092248	14.8547430038452	6.0425763130188	29.3071156108798	5.37377800756971	1.68342791353614	1.17927985388106
morning	4.02374224268914	9.66863043067653	16.242805480957	4.39121627807617	14.9438593157531	4.39340154559996	4.02374224268914	0.393112586190285
motorcycle	4.66657529643451	13.5919890999232	17.3548965454102	10.7877349853516	16.5150616470825	10.6689165527638	4.66657529643451	0.464693592157384
mouse	4.84339684406608	13.7047549296891	16.5757694244385	11.5720291137695	15.7691727532195	11.6403371061588	4.84339684406608	0.370894697714769
mouth	3.65498427207901	10.2432214145622	16.6164035797119	3.94315981864929	16.6477779967036	3.83866483242075	3.65498427207901	0.576376240836358
movie	4.31203502770795	12.139670259879	17.2387237548828	8.3699369430542	16.1844776857011	8.09486283405692	4.31203502770795	0.5366695727382
much	3.69997754830793	9.4690042442291	14.906060218811	4.39573335647583	14.6146825227163	4.32332596574189	3.69997754830793	0.48203687093495
muffin	4.72135308485026	14.3484444588224	18.7886028289795	11.2658910751343	17.1372935298636	11.5595953877812	4.72135308485026	0.234378783998856
my	2.25983636250736	14.4399888078562	14.8998355865479	3.96811270713806	24.9732441559045	3.90673345980795	2.25983636250736	0.713716183446176
myself	3.82967556389524	10.1378160488218	16.2971115112305	4.52153921127319	15.8838517335495	4.39178036409406	3.82967556389524	0.540994964428068
nail	4.81984787575892	14.0621196358687	17.2736072540283	12.283278465271	15.9216271692198	12.2026121025175	4.81984787575892	0.359596889572809
nap	4.55272854391868	12.9832047540651	16.676908493042	9.91784381866455	10.0222677431082	15.944141765022	4.55272854391868	-0.319822962658989
napkin	4.46955837206305	12.2811716099483	17.5693664550781	7.6272439956665	16.9526460839953	7.60969713590132	4.46955837206305	0.390161126791101
naughty	4.82905761213484	14.8154140214146	17.8185615539551	13.1193742752075	16.2696295267644	13.3611985160647	4.82905761213484	0.273781077866782
necklace	4.54549483926938	12.8278621448252	16.3964176177979	9.93246650695801	15.7139698145059	9.94175447514441	4.54549483926938	0.391135328000941
need	3.36699044280417	10.6960608870534	14.8727989196777	5.73122835159302	15.8329423119582	5.55917946214861	3.36699044280417	0.657388450424242
new	3.02581277705649	12.729870632046	15.654803276062	7.88053894042969	17.5974343676301	7.86230689646184	3.02581277705649	0.661978058866354
next	3.49332130110801	11.3109675653177	14.8270978927612	7.07756948471069	15.8942372983168	6.72769783231855	3.49332130110801	0.770664732064176
nice	3.80089883628493	11.9596175194998	16.3652877807617	8.16467666625977	15.7214133277069	8.19782171129271	3.80089883628493	0.472428225147295
night	3.92478560202188	9.1394642396372	14.8415899276733	4.36446952819824	14.0736312085981	4.20529727067631	3.92478560202188	0.51483295642047
no	2.16513850471366	14.8715061687853	14.8648128509521	6.28909397125244	23.6124350836716	6.13057725389909	2.16513850471366	0.81302544047498
noisy	4.5804398929265	15.1070910411111	18.0491409301758	13.1547212600708	16.8882310557276	13.3259510264946	4.5804398929265	0.297710444482043
none	4.0149013761866	12.4425319828101	14.8892374038696	10.4974765777588	14.382635288115	10.5024286775052	4.0149013761866	0.532811275981436
noodles	4.85065611152985	14.8245495122197	19.7534332275391	11.6546955108643	17.7280491058819	11.9210499185574	4.85065611152985	0.236787193501676
nose	3.98288769366104	11.1098754601209	16.8948516845703	6.18393421173096	16.3117655893213	5.90798533092056	3.98288769366104	0.597146150858256
not	2.59341500718349	12.6824036714615	14.8490362167358	4.60958099365234	20.8787850729153	4.48602227000774	2.59341500718349	0.703501978136556
now	2.65974995924949	13.4725459335318	15.3284006118774	6.59430837631226	20.6065949176132	6.33849694945043	2.65974995924949	0.861343465347543
nurse	4.29276608277144	12.9292706318081	15.3948926925659	10.4850883483887	15.3510148316025	10.5075264320137	4.29276608277144	0.491083806618895
nuts	4.70129053769904	13.3442525822803	16.7492713928223	10.5910396575928	10.7105828007781	15.9779223637825	4.70129053769904	-0.289164367857706
of	2.00568704160648	16.3432673321555	14.8831911087036	1.6523779630661	31.2640646711959	1.42246999311511	2.00568704160648	0.776661996204009
off	3.01493601259817	11.7988419049204	14.8815279006958	4.93429660797119	19.2360510196198	4.36163279022094	3.01493601259817	0.908856033428911
old	3.6517696054361	10.9246776569909	14.8677959442139	7.31586313247681	14.8399495568936	7.00940575708829	3.6517696054361	0.715340229316377
on	2	17.8553360165977	14.9315910339355	4.47414255142212	31.3809605318243	4.32971150137115	1.83420163708364	0.858367219444599
open	3.95712786370425	10.3111578322821	14.8509502410889	6.44712543487549	14.4782720562764	6.1440436082878	3.95712786370425	0.601111568026617
orange	4.36199716333658	12.4345700105096	15.1649265289307	9.8596134185791	14.9110791677631	9.95806085325608	4.36199716333658	0.375136519364694
other	3.08867381714143	11.358384431491	14.8434371948242	5.3988184928894	17.5729968242131	5.14377203876893	3.08867381714143	0.737305432510558
ouch	4.5642305756612	16.1271128110086	18.6329784393311	14.8748922348022	17.0888317369474	15.1653938850698	4.5642305756612	0.392183975725999
our	2.56659942455776	13.2031552952834	14.8688631057739	6.85858392715454	19.8163540588401	6.5899565317266	2.56659942455776	0.882664088968289
out	2.72835830773343	12.4956206253476	15.2815217971802	4.24298858642578	20.9470140297316	4.04422722096368	2.72835830773343	0.755204908376724
outside	3.82835657314841	11.8764327854088	15.6234998703003	8.7435245513916	15.3765077692022	8.37635780161546	3.82835657314841	0.736422194892214
oven	4.51445273215223	12.656785725471	18.1972694396973	8.26802539825439	16.9859176887081	8.32765376223397	4.51445273215223	0.403677228036807
over	2	24.7111060435067	14.8506278991699	5.65791320800781	44.2908653022327	5.13134678478079	0.820869680000558	1.22028890425243
owl	4.89314266164131	14.039903479493	17.6089210510254	11.5930919647217	16.5441855484301	11.5356214105559	4.89314266164131	0.364591922415774
paint	4.49295144375373	13.3928109179602	16.7295989990234	10.90553855896	15.7684815234382	11.0171403124822	4.49295144375373	0.40075451440934
pajamas	4.61930341707928	12.9186843241988	17.9019012451172	8.97600936889648	9.34222658623687	16.4951420621608	4.61930341707928	-0.278591364036125
pancake	4.81016679562633	16.349895289605	19.9456043243408	14.3987636566162	18.0038220959707	14.6959684832393	4.81016679562633	0.291244527817934
pants	4.28511263931762	10.6643100524942	14.9139204025269	6.24688386917114	15.1123555638877	6.21626454110065	4.28511263931762	0.440912939646385
paper	4.19921317771068	11.1820596252855	15.5756778717041	7.24115085601807	15.3863151924	6.97780405817091	4.19921317771068	0.555640469531077
park	4.09655281095321	12.5070011229379	18.8963527679443	8.07431030273438	17.4979248847493	7.51607736112648	4.09655281095321	0.676535540416122
party	3.88122171223011	12.5880287621297	19.1011619567871	7.74255609512329	17.7013120817266	7.47474544253285	3.88122171223011	0.629822946206297
peanut	4.72794364030924	14.5466958445123	17.4114761352539	12.4003410339355	16.4236515890508	12.6697400999737	4.72794364030924	0.246199279060899
peas	4.87235634006756	14.9059270091696	18.758150100708	12.0353584289551	17.4537156517961	12.3581383665431	4.87235634006756	0.257769132923145
pen	4.13807474709838	13.7549815105822	17.2575092315674	11.2799053192139	16.3743412199923	11.1356218011721	4.13807474709838	0.618105980206703
pencil	4.62097921613914	13.6109046587	16.9370231628418	11.2459383010864	15.9411865634041	11.2806227539959	4.62097921613914	0.341535904462033
penguin	4.98758748360682	15.6330005741404	18.8177967071533	13.6856908798218	13.8655700622307	17.4004310860501	4.98758748360682	-0.266732773639799
penis	4.67971680840162	13.7787914496297	18.1781234741211	11.167290687561	16.2081278057541	11.3494550935053	4.67971680840162	0.323485151042046
penny	4.80658461507321	14.850768032739	17.0399570465088	13.4150161743164	16.2376484152659	13.4638876502121	4.80658461507321	0.341787102677563
people	3.20316297445656	11.7211143938419	14.8444490432739	6.59830093383789	17.3944805720319	6.04774821565183	3.20316297445656	0.91416907966178
person	4.03404221163181	10.4119957067411	14.9070920944214	6.23307704925537	14.56861376749	6.25537764599228	4.03404221163181	0.446818082953045
pick	3.95565444987145	12.2376968782239	15.1200017929077	9.20461177825928	15.1469931067558	9.32840064969193	3.95565444987145	0.422615594719514
pickle	4.8235934138684	15.4807021860604	18.7724475860596	13.0501918792725	17.5504628312455	13.4109415408753	4.8235934138684	0.240599416937908
picnic	4.51227959483895	13.8033260801006	16.9821815490723	11.2689418792725	16.2838165339072	11.3228356262941	4.51227959483895	0.389322317755475
picture	4.27499167926695	11.7466459694829	14.8840427398682	8.89986228942871	14.8592306085841	8.63406133038174	4.27499167926695	0.586751776706926
pig	4.5738127678017	14.2898231335333	16.655948638916	12.4309406280518	16.0602902142885	12.519356052778	4.5738127678017	0.354236263497508
pillow	4.2268245785407	11.8924254422075	17.1017284393311	7.38273525238037	16.7030460926664	7.08180479174864	4.2268245785407	0.587966969347147
pizza	4.63910241497088	12.9587211955964	16.5846862792969	10.028489112854	15.7708224698697	10.146619921323	4.63910241497088	0.33533484813904
plant	4.71819238375063	13.0169964981979	15.7507343292236	11.0212993621826	15.0834963989351	10.9504965974607	4.71819238375063	0.395088739487833
plate	4.42459632836867	11.4416889271807	14.9272403717041	7.98895454406738	15.0730846694143	7.81029318494704	4.42459632836867	0.508908351084837
play	3.86105502403762	11.9321078105551	14.9227447509766	8.95359420776367	15.0429322616857	8.82128335942443	3.86105502403762	0.666426065724914
playground	4.66805553322194	14.6550331254089	18.2826957702637	12.1545906066895	17.0098101486152	12.3002561022026	4.66805553322194	0.397923748634715
please	3.73410936316624	11.7300675606383	14.8108472824097	8.09144973754883	15.4019043834274	8.0582307378492	3.73410936316624	0.564919178330503
police	3.91953513341141	12.3719720161864	17.8661842346191	8.16697216033936	16.7523566729881	7.99158735938468	3.91953513341141	0.595663151833783
pony	5.02134797653109	14.2737085281279	17.786304473877	12.3913879394531	16.187554757092	12.3598622991639	5.02134797653109	0.322040195953994
pool	4.39863353943403	11.6728536333196	15.0337610244751	8.69157123565674	14.7960420810372	8.549665185602	4.39863353943403	0.528937190439494
poor	3.97581961361743	13.2736161020819	15.2587738037109	11.1611757278442	15.5727021381119	10.9745300660519	3.97581961361743	0.714667490844501
popcorn	4.69683399780362	13.9180002176956	17.693452835083	10.9397172927856	16.6826970563905	11.1533033790008	4.69683399780362	0.276498217260771
popsicle	2.8848976528485	16.1772835572562	20.6626987457275	14.8096485137939	14.8745614850586	17.4800056294539	2.8848976528485	0.0753517705660125
porch	4.20226358311345	11.1006144319787	15.6848182678223	6.40973567962646	15.431751691231	6.76947717272635	4.20226358311345	0.326874950120489
potato	4.71577504206706	14.1276681056687	17.9659938812256	11.4301099777222	16.598288215093	11.6570479962444	4.71577504206706	0.221932305699968
pour	4.48041205509701	13.5020432997344	16.9251480102539	10.5304279327393	16.3513925415154	10.6526940579534	4.48041205509701	0.331827070495806
present	4.14696409386929	12.849838834401	16.6064109802246	10.1440382003784	16.0484631153937	9.65121455340825	4.14696409386929	0.796931362086107
pretend	4.17987662983679	12.9738292652187	15.4649505615234	10.4961242675781	15.1904922028889	10.7571663275485	4.17987662983679	0.293553209390111
pretty	3.55648136282555	12.5669110526112	16.63330078125	9.16408157348633	15.910583219592	9.22323888563032	3.55648136282555	0.513920838967767
pretzel	4.97335789269997	15.9439529995054	19.6329708099365	14.0069990158081	17.6957731616261	14.1921328373847	4.97335789269997	0.236158901174158
pudding	4.82593647805698	15.3885166161257	18.7005443572998	12.8789110183716	17.473555435667	13.3034777965845	4.82593647805698	0.176776478450198
pull	3.8382400649586	11.7198354112833	16.2970523834229	7.81887578964233	15.4570063132384	7.98266450932811	3.8382400649586	0.383282348251471
pumpkin	4.85392299780311	15.4132533563051	18.2696990966797	13.2130899429321	17.2207357840796	13.6057709285305	4.85392299780311	0.253386302572499
puppy	4.47012020547168	13.8985119376062	17.2377700805664	11.1927270889282	16.4658390377319	11.3311848374804	4.47012020547168	0.356302831735839
purse	4.20083567290265	11.4326120047906	16.5917892456055	6.71870517730713	16.0320592032404	6.83316480634075	4.20083567290265	0.376235704972731
push	3.96727001360778	12.5232122866216	16.152868270874	9.56760311126709	15.3293362693438	9.71708830389932	3.96727001360778	0.380277751811994
put	3.25445383954182	12.3417411862519	15.5929107666016	8.40828132629395	16.1739162261728	8.50956614633099	3.25445383954182	0.473721013884589
puzzle	4.86199345813464	12.6995145900277	17.2310161590576	9.61354160308838	16.0169992827251	9.38202989733035	4.86199345813464	0.350307818055181
quack	5.2052464034955	17.8329193051625	19.6893177032471	14.8276100158691	18.5872772864847	17.0785613238404	5.2052464034955	0.240259126837853
quiet	4.04422752292225	11.9867082246607	16.1559371948242	8.70205116271973	15.5108915716523	8.46252487766917	4.04422752292225	0.603028824714713
radio	4.3314163500334	12.658492337454	16.3830318450928	9.82533645629883	15.8150399259319	9.50194474897602	4.3314163500334	0.590785646424499
rain	4.14834351940831	12.5691802829693	17.6448841094971	8.95918273925781	16.519848287021	8.6185122789177	4.14834351940831	0.627732526471198
raisin	4.83853217379104	16.5130296272083	19.8927993774414	13.9835186004639	18.6547364811311	14.3713227732855	4.83853217379104	0.131177381927299
read	3.97234373101058	11.5453889090608	14.8621187210083	8.5695972442627	14.6119039437617	8.47887387435987	3.97234373101058	0.587687551912505
red	3.44481225036674	12.4205843802782	15.7748908996582	8.49979972839355	16.4980270887017	8.34314167185468	3.44481225036674	0.685636365512565
refrigerator	4.51394226608846	12.4680870427714	17.0653820037842	8.79877758026123	16.0829804095184	8.85319367602436	4.51394226608846	0.404579762783787
ride	4.35441746713458	11.7456216347145	15.404504776001	8.44542503356934	15.270799038953	8.220444230476	4.35441746713458	0.529019234461433
rip	4.3764387636801	13.5079120839859	16.1605606079102	11.2196598052979	15.7104279549736	11.3053962129981	4.3764387636801	0.366151155046445
rock	3.87106669867033	12.5902057613453	16.009765625	9.59816646575928	15.9138025948058	9.26660892788474	3.87106669867033	0.770337273725714
rocking	4.47297558168495	14.0592527853668	17.0288162231445	11.8098106384277	16.2007357651582	11.9177698055755	4.47297558168495	0.353037040039655
roof	4.115441159379	11.9554788274778	15.7696352005005	8.17095375061035	15.7075499328118	8.20340772214389	4.115441159379	0.503659224713648
room	3.71798706068699	9.14560487223562	14.8822326660156	3.69923448562622	14.7860487390032	3.50516100546804	3.71798706068699	0.556549329137747
rooster	4.91220280429765	17.0041711039347	19.2900867462158	14.9321937561035	18.0751030829954	15.9332391248739	4.91220280429765	0.23965333602926
run	3.6344603279789	11.8562214422525	14.8285245895386	8.55105113983154	15.40005014702	8.31239273748503	3.6344603279789	0.769156505720515
sad	4.14456126884526	13.0732957994869	16.4031448364258	10.4868183135986	15.5215319886228	10.625059610351	4.14456126884526	0.39205483706246
salt	4.4887325539677	13.6392270600297	16.5957584381104	11.3461151123047	15.8475253596122	11.4309287604472	4.4887325539677	0.387722172393127
same	3.73458036072135	9.51944607212276	14.8567199707031	4.30224847793579	14.6392186034854	4.39967354076013	3.73458036072135	0.446612728641169
sandwich	4.51229278736139	13.1297449578381	18.26877784729	9.69386100769043	16.6409829951585	9.61850692051763	4.51229278736139	0.401450314072843
sauce	4.62845630784304	12.5274663493762	17.6553363800049	7.90152025222778	16.8544367272323	8.20049597152	4.62845630784304	0.290693190628543
say	3.53316280837499	10.3114224106031	15.4360914230347	4.8051061630249	15.8271321352926	4.79571268591368	3.53316280837499	0.505259973718183
scared	4.12884692465131	12.1253479851979	15.0093011856079	9.29590225219727	14.8711926252043	9.37950334519149	4.12884692465131	0.387090049355507
scarf	4.47865883375031	13.4138059034239	17.3131866455078	10.2993230819702	16.3385822467671	10.4890295600807	4.47865883375031	0.313984698917509
school	4.09762424907378	10.3191705210973	14.9923620223999	6.27283239364624	14.4053101987133	6.23303084348133	4.09762424907378	0.450781717951614
scissors	4.68083953777	14.320014830285	18.7347774505615	11.2046184539795	17.1924649074374	11.4475647531325	4.68083953777	0.282073299799507
see	3.403316866538	10.2236416307386	15.0740652084351	4.5434422492981	15.9727473511458	4.47453591033132	3.403316866538	0.508152552460837
shake	4.14147784505926	11.6533146277031	15.1627864837646	8.30812072753906	14.7639427219142	8.54268653349201	4.14147784505926	0.304176575426777
share	4.1557396707734	11.8497460826862	15.081750869751	8.59118366241455	15.0534453508072	8.64604681456523	4.1557396707734	0.430484294715598
she	2.67167733528744	11.9348682956896	14.8971681594849	3.41911697387695	20.475860364138	3.3938762272412	2.67167733528744	0.577657351925234
sheep	4.50527742546303	14.4547331516114	19.4486923217773	11.5741481781006	17.3774637217241	11.5320025814987	4.50527742546303	0.489262543121461
shh	2.77651319027334	15.6289745917229	19.7786293029785	14.8354682922363	14.8638089302612	16.3941402531847	2.77651319027334	0.0509625838583786
shirt	4.18136386420947	9.7775966414887	14.8382396697998	5.32991313934326	14.3010718989295	5.25412138404789	4.18136386420947	0.447054953409154
shoe	4.48235062955218	13.6507719017348	16.8952140808105	11.2233409881592	16.2177812783752	11.0837625250945	4.48235062955218	0.505965543937692
shopping	4.58936434454843	13.3023389153973	16.8698081970215	10.6304607391357	15.8681968761647	10.7364809546298	4.58936434454843	0.32423979086898
shorts	4.48272964845354	10.9837813435843	15.7969312667847	6.5964527130127	15.2352622017573	6.73230048541123	4.48272964845354	0.307462352197699
shoulder	3.85365902473297	9.95453930151097	16.954891204834	3.74008083343506	16.0793030943992	3.82977550862275	3.85365902473297	0.42522601771129
shovel	4.73341954133696	14.7564176490751	17.3993110656738	13.0457754135132	16.2668435004483	13.245991797702	4.73341954133696	0.274952954744182
show	3.83936369126115	11.5836259629429	15.1126527786255	8.0772590637207	15.4505391164825	7.71671280940326	3.83936369126115	0.75075436098068
shower	4.14064524028158	11.5428665564127	16.5534973144531	7.06231021881104	16.081783482285	7.00394963054045	4.14064524028158	0.489533951494099
sick	4.06961049251274	12.5595012058564	16.5654563903809	9.42116832733154	15.7368239811875	9.38217843052527	4.06961049251274	0.522816091657507
sidewalk	4.18071053773771	11.659918380026	16.1604557037354	7.32206726074219	15.5888563648589	7.73098039519314	4.18071053773771	0.324062342093345
sing	4.56606021577854	12.8714004972574	15.795111656189	10.1071376800537	15.5377690548853	10.2050319396295	4.56606021577854	0.432418747860426
sink	4.33235708334776	11.9874526198932	16.8402729034424	8.05754661560059	15.9709033407045	8.00400189908187	4.33235708334776	0.461476700892776
sister	3.89024325124955	11.2335041867181	16.4727401733398	6.68899822235107	15.6602718735303	6.80673649990592	3.89024325124955	0.401247656406943
sit	3.83450191080697	12.1478688416257	17.0570335388184	8.07021999359131	16.2071509229289	8.08858676032247	3.83450191080697	0.481417862059277
skate	5.01094373920379	15.709099688698	18.5466156005859	13.8917274475098	17.3883831318207	14.0298162455752	5.01094373920379	0.220322657448014
sky	4.26487474093953	10.3851094809267	14.8930244445801	6.83290338516235	13.9827944039657	6.78742455788768	4.26487474093953	0.455742051904155
sled	4.90351842570913	15.8275681405106	18.9319744110107	14.1752843856812	17.2952859431866	14.3598503378345	4.90351842570913	0.304684651764453
sleep	4.18969967088845	10.9162908377508	15.0180521011353	7.14864015579224	15.3568466753975	6.47573500010419	4.18969967088845	0.708400400048783
sleepy	4.47020786018297	14.7881731973242	18.190938949585	12.388427734375	17.0154237162516	12.5609226783969	4.47020786018297	0.377124706394811
slide	4.28395611951835	12.0861743024005	15.3432712554932	8.99886608123779	14.7868885149692	9.38546008983172	4.28395611951835	0.209547373445759
slipper	5.26011380630514	16.8546312433546	19.7337436676025	14.9100427627563	18.3122018982829	15.3970605884262	5.26011380630514	0.324635657773094
slow	4.18930485141567	12.1007718017573	15.0184297561646	9.52579784393311	14.8146973120615	9.38684629145304	4.18930485141567	0.561408989428198
smile	3.93188143513013	9.4776318782622	14.8502779006958	4.4628438949585	14.414448920695	4.54081483582941	3.93188143513013	0.442346933870222
snack	4.60983828253472	14.6889364494147	18.3174457550049	11.8138799667358	17.4366105691729	11.9412623296565	4.60983828253472	0.327291503817631
snow	4.03445126735659	12.9015562211294	17.2406921386719	9.49101448059082	16.5097178943127	9.2933945479461	4.03445126735659	0.627272330411426
so	2	16.5556795076059	14.8397703170776	6.33211088180542	26.8514550841499	6.2599039310618	1.93938325251461	0.843946809526302
soap	4.72856898605307	13.5390079133041	16.5850982666016	11.0094747543335	16.0418591544018	11.0361566722064	4.72856898605307	0.338583686161776
sock	4.64237759337594	15.6087418943871	18.6824264526367	13.4180517196655	17.4829375822289	13.7345462065453	4.64237759337594	0.30903411313224
soda	4.61894705693648	13.3709360926755	18.1188011169434	9.82032585144043	16.8769930777223	9.86487910762872	4.61894705693648	0.344085594748947
sofa	4.09365620275534	11.8202770925696	18.1806564331055	6.56740379333496	16.856562413491	6.78399177164818	4.09365620275534	0.35306158442495
soft	3.842415714674	11.9353698908977	15.4149627685547	8.41208839416504	15.4193723636206	8.45136741817478	3.842415714674	0.485714849736629
some	2	17.9755444395437	14.8960437774658	7.07384586334229	29.2070007428753	6.74408813621208	1.56839333123707	1.05651327062902
soup	4.74092232622447	13.0092232994998	16.353157043457	10.1062917709351	15.7776677405883	10.2407788584114	4.74092232622447	0.268783862570494
spill	4.39118103682587	14.2094451844387	18.0370807647705	11.368597984314	16.8831177799218	11.5357725889556	4.39118103682587	0.356444073007519
splash	4.53636750279307	13.8661724154813	17.2923030853271	11.192699432373	16.2304979742817	11.5018468566808	4.53636750279307	0.290792770006017
spoon	4.54468291335269	13.5332591409813	17.9474697113037	10.6082849502563	16.5554034473886	10.511114834574	4.54468291335269	0.450915255541652
sprinkler	5.05753271821914	16.6741555891845	19.460298538208	14.8917207717896	18.1500220142296	15.1982891641393	5.05753271821914	0.282109595571903
squirrel	4.83279484778637	15.3777912332347	18.6664142608643	13.6561765670776	16.8999745497376	13.8556079167318	4.83279484778637	0.27816163654178
stairs	4.10080206209345	9.16711694896519	14.9225664138794	3.58640289306641	14.5789056784504	3.75532821947999	4.10080206209345	0.315165166699102
stand	4.01361058750135	11.4040378786657	14.8089447021484	8.29924583435059	14.558503422907	8.24957233442434	4.01361058750135	0.511595493886004
star	4.30562331516521	12.3747664064211	15.994236946106	9.72637844085693	15.6875335639343	9.06199924890782	4.30562331516521	0.760719205746698
stay	3.82595876654407	10.743186123962	14.8754358291626	7.31052255630493	14.0259396740778	7.46043257384628	3.82595876654407	0.379842162483814
stick	4.3356473280757	12.8025929043814	15.0890092849731	10.5241250991821	15.001687243216	10.6034985655468	4.3356473280757	0.383343388520541
sticky	4.67653600383933	14.1054415439715	17.81321144104	12.1833047866821	15.9091207449261	12.3017623430168	4.67653600383933	0.329885009487242
stone	4.00326814861098	11.9686880647986	14.8112258911133	9.171630859375	15.168366223498	8.76900990609925	4.00326814861098	0.758469604167696
stop	3.81421780365907	10.4211049162059	14.9193124771118	6.64487886428833	14.2841077209329	6.55810211147896	3.81421780365907	0.537604341579776
store	4.39999842140914	10.8291603726592	14.8111190795898	6.93347263336182	14.7135931989741	6.94472754634436	4.39999842140914	0.395315942021695
story	3.92593152779628	11.5643408689844	15.3077507019043	7.48019361495972	16.0588314513368	7.06985028663202	3.92593152779628	0.721849480863694
stove	4.41246932792277	12.8063012183884	18.293212890625	8.40994739532471	17.360354631015	8.25224780576179	4.41246932792277	0.488997106674646
strawberry	4.78906852415423	14.9905365839172	18.2558765411377	12.97620677948	16.7890688122647	13.1920043555698	4.78906852415423	0.28345998935371
street	3.9397321448749	10.9225590822499	16.5714721679688	5.61493825912476	16.2930697874935	5.55204837700632	3.9397321448749	0.503353203222774
stroller	4.9756737831612	15.7039894707037	20.2730121612549	12.9278955459595	18.2735658876415	13.1344130537658	4.9756737831612	0.280237259438138
stuck	4.15004150068589	12.8177911521123	14.8800048828125	10.7991409301758	14.7240064633994	10.9115758408252	4.15004150068589	0.380638218838203
sun	3.99580521895251	11.1257490072951	14.7939701080322	7.31658458709717	14.9608208275432	7.29067718704704	3.99580521895251	0.519168698921543
sweater	4.29514285282425	12.5273817108096	17.8899688720703	8.12557411193848	16.7328183821345	8.3219450394847	4.29514285282425	0.351594650609538
sweep	4.59813116301639	13.755240960675	17.1116485595703	11.635498046875	15.6786191077337	11.8318628136163	4.59813116301639	0.28856191421522
swim	4.72373956432057	13.3643416344561	16.5615215301514	11.2360248565674	15.3894806151629	11.3392026537494	4.72373956432057	0.336362568657131
swing	4.56876240264678	13.2547144719556	16.0272369384766	10.920937538147	15.6491284075108	10.8603005364004	4.56876240264678	0.407042286966151
table	3.93801851335894	9.34352687262291	14.8053464889526	3.89702367782593	14.7508808635514	3.93617288169442	3.93801851335894	0.464622846558995
take	3.14213173058729	11.2375078997112	14.8651056289673	6.16735076904297	16.4076550521954	6.06736074722703	3.14213173058729	0.641248615784906
talk	3.5800922516012	11.0860298660869	15.3515872955322	6.71314859390259	15.4802056026672	6.69185412950656	3.5800922516012	0.577904440705785
tape	4.68706815445018	12.659465035926	15.9621734619141	9.7175817489624	15.4926455646586	9.82628450719346	4.68706815445018	0.326047691494234
taste	4.54026650549709	11.3640048931351	14.7578659057617	8.4956226348877	14.2747843544907	8.45322543177955	4.54026650549709	0.393353727108274
teacher	4.50029701050108	12.4649860829865	15.8135213851929	9.37448883056641	15.5661196368264	9.36385252914657	4.50029701050108	0.430851100692142
tear	4.27762943653881	12.7396017722037	16.4447612762451	9.94472599029541	15.5460510490476	9.93315249535972	4.27762943653881	0.43309871267338
telephone	4.57672845681643	14.1231314407296	17.7081184387207	12.03835105896	16.4531983460949	11.7930645353642	4.57672845681643	0.527643105182581
thank	3.9617374241173	12.0624325137194	14.8450155258179	9.39255142211914	14.7086108331031	9.4162541943356	3.9617374241173	0.571649690637829
that	2	18.927685625401	14.8776626586914	4.22501277923584	33.7441981828924	4.11117306790957	1.73650675070766	0.794264594150869
the	2.67366458577921	9.00160656518119	14.8842811584473	2.64832377433777	14.999449685486	3.00376344487637	2.67366458577921	0.032112764733227
their	2.18372662977861	14.8269637323964	14.9485807418823	5.70033836364746	24.2086757812163	5.44525168357655	2.18372662977861	0.907432373979731
them	2.63379507233856	12.3544890731516	14.8530941009521	4.16379976272583	20.9532464229724	3.75573172333071	2.63379507233856	0.87996298765574
then	3.15237760147683	11.6394606508675	16.8157939910889	5.60688495635986	17.4861222379143	5.79279906382068	3.15237760147683	0.477283410398098
there	2.94909771269829	12.2712005863133	15.6248912811279	6.12778759002686	18.3994635462147	6.14293762641192	2.94909771269829	0.602199563391183
these	3.23197103915929	12.2032272590645	15.0263671875	8.36208057403564	16.095598414444	8.31085610368497	3.23197103915929	0.659997037077852
they	2.24581187140878	14.2957961522926	14.7979393005371	4.75732851028442	24.0282495911817	4.56334271340349	2.24581187140878	0.811770254289305
think	3.23608632204712	10.3369437540447	14.9098691940308	4.87374305725098	15.9011623788863	4.7727251292032	3.23608632204712	0.575500590428028
thirsty	4.7456265179209	14.1040466649124	18.4134578704834	11.3681640625	16.7122355336717	11.4958577961532	4.7456265179209	0.311115980500699
this	2	18.8894146376346	14.899377822876	5.69335317611694	32.2071807309202	5.57164854434907	1.64449919273864	0.846666115924921
those	3.12018810495029	12.3014287461959	14.8657550811768	8.08364009857178	16.6012155245487	8.00164196784305	3.12018810495029	0.654445822048798
throw	3.93048750672421	12.8175617025633	16.6803894042969	9.56969547271729	15.7935873076633	9.84153609746326	3.93048750672421	0.378225364824963
tickle	4.63703096069062	14.9337382623601	18.3322944641113	12.459547996521	17.1218655028595	12.7456110218608	4.63703096069062	0.232626756428634
tiger	4.66541029070042	14.5830049468405	16.9401779174805	12.9764461517334	16.1220919965753	13.0439178971058	4.66541029070042	0.404955836632594
time	3.4948793080843	9.2733144848068	14.8300037384033	3.26380467414856	15.7568168548639	2.7898121147497	3.4948793080843	0.699631083585699
tiny	3.91901525831065	12.3311198408189	14.8955144882202	10.101393699646	14.47524792416	10.1869917574777	3.91901525831065	0.436347136169068
tired	4.13767754064655	11.603737440221	14.9013662338257	8.2361946105957	14.7663409059475	8.44113397449454	4.13767754064655	0.392304825494607
tissue	4.66613748036801	13.0460518771525	17.3744239807129	9.70647716522217	16.418427555527	9.6736761987779	4.66613748036801	0.368489660442084
to	2	25.5350423598898	14.8855514526367	2.15012812614441	49.0302682413692	2.03981647841041	1.36547931863766	0.791262477888647
toast	4.68002477372498	13.1952696176685	16.8823432922363	10.1537628173828	16.2498668377524	10.1406723975846	4.68002477372498	0.342006418439884
today	3.9603600886317	11.9112976801934	14.8325748443604	9.43710517883301	14.5881389289676	9.23445643141915	3.9603600886317	0.690151161509948
tomorrow	4.20661726548336	11.6480132881414	15.6003103256226	8.44074249267578	14.8656835182683	8.43034305801459	4.20661726548336	0.449446726140897
tongue	3.9848885787758	10.3676735201834	15.6905193328857	4.9245080947876	15.8552345284543	4.88011251191245	3.9848885787758	0.519459115664198
tonight	4.03503719517941	11.5760833922015	14.8831195831299	9.10394859313965	14.1474460803358	9.00472070406711	4.03503719517941	0.61829653580964
too	2.44714532450842	14.1426011608638	15.096022605896	7.32034873962402	21.0901472301549	7.19505509157265	2.44714532450842	0.839501050323716
tooth	4.79292777670064	13.9732155851059	17.2051410675049	11.6447868347168	16.2643017753853	11.6821293948266	4.79292777670064	0.381131628111571
toothbrush	4.76076813343561	14.1682731699877	18.8039703369141	11.4676332473755	16.6995159492002	11.6370303907752	4.76076813343561	0.294536916678695
touch	4.09566731221432	10.917127561656	15.0026369094849	7.14019107818604	14.92973494387	6.90452017944198	4.09566731221432	0.563359000473251
towel	4.28718554790867	11.5558773400569	16.3925819396973	6.9911036491394	16.0645575336026	7.04719714651114	4.28718554790867	0.428274540644559
tractor	4.73435263095526	14.8814990507489	18.1560707092285	12.6179695129395	16.9964732739374	12.7665248275604	4.73435263095526	0.347446979538156
train	4.53968712272835	12.2794028860773	14.9559469223022	10.0910024642944	14.5003322419919	10.0584735301628	4.53968712272835	0.441930756129127
trash	4.57299102174888	12.9898160094889	16.7548751831055	9.9367151260376	16.0408103436402	9.93882167533768	4.57299102174888	0.395583025298562
tray	4.35483009704884	12.4081232140147	16.9660091400146	8.83580684661865	15.9611573456952	8.85508908233413	4.35483009704884	0.417622705880718
tree	4.17005152850529	11.0432363366091	14.825587272644	7.5751166343689	14.5977388500975	7.48873382312066	4.17005152850529	0.517987380406952
truck	4.12127613084264	11.6677863556666	16.7524147033691	7.56470966339111	15.9442902528314	7.39128245850187	4.12127613084264	0.55003269621649
try	3.67702787191056	11.6268759092854	15.317533493042	7.98836898803711	15.2256102932917	8.02814152527919	3.67702787191056	0.4542990712888
tummy	4.52536969502141	15.0629494085056	18.9894123077393	12.0781450271606	17.788940896187	12.3369579208242	4.52536969502141	0.331977687416714
tuna	4.95090358074957	15.9930263512815	19.1458969116211	13.9555435180664	17.8194833117721	14.1665693907908	4.95090358074957	0.226507088470138
turkey	4.68829989504184	14.7950943350917	18.3794288635254	12.6166019439697	17.1030530013224	12.487135668861	4.68829989504184	0.42840914502324
turn	3.89582153103029	11.2344328027602	14.8692398071289	7.92607736587524	14.7123691900088	7.75649641551168	3.89582153103029	0.591113322537396
turtle	4.85555077519259	14.9171039735037	17.7252998352051	13.2172908782959	16.4194238706069	13.4147840764005	4.85555077519259	0.262085093331855
tv	4.58950038986316	11.7636409609133	16.6843643188477	8.47695446014404	15.3517014372988	8.17558048452771	4.58950038986316	0.457027395674243
uh	4.14210034356777	12.5907892685506	15.6570568084717	9.6889705657959	15.3686970273787	9.81288150972258	4.14210034356777	0.36397130908246
uncle	4.00830431698445	13.0984011817791	17.2419013977051	10.0830078125	15.9887866502684	10.2080157132898	4.00830431698445	0.414262263213775
under	2	16061.6646179875	14.8497190475464	8.64456653594971	32115.6567764886	7.67245948639308	-14.8082814088638	2.00536529247287
up	2.70116010115569	12.1602267681843	14.865909576416	3.6737265586853	20.9972244456288	3.32322909073972	2.70116010115569	0.809915438797096
us	3.45720991230856	10.5468417891512	15.1457719802856	4.97599029541016	16.2368166703054	4.85686690799709	3.45720991230856	0.551907176370163
vacuum	4.674486614328	15.1669094155461	17.5872650146484	13.4434967041016	16.6922400071874	13.6415788239047	4.674486614328	0.300876127000133
vagina	4.6833313513153	15.2569964451541	19.7976531982422	12.5883626937866	17.9684263701363	12.5455665201719	4.6833313513153	0.419931238954225
vanilla	4.82106598982806	14.2388022732213	18.2269611358643	11.5941896438599	16.6385308660159	11.8390736804267	4.82106598982806	0.213656833986634
wait	3.77849773812887	11.6527383349701	15.2094697952271	7.82896089553833	15.4814587385683	7.82401793137188	3.77849773812887	0.545874522809929
wake	4.28653745239411	11.9640816371283	15.1057529449463	8.83260917663574	14.999857978086	8.92830529617064	4.28653745239411	0.44097613548711
walk	4.06750704253522	10.889957009552	14.8900232315063	7.65610218048096	14.1462114700418	7.6337025490622	4.06750704253522	0.44159668243865
walker	4.66016861833932	14.6501485183553	16.9967460632324	13.1392297744751	13.3590269488112	15.9412700878994	4.66016861833932	-0.265048014886126
wanna	4.80452301979994	14.2353288683073	21.4166049957275	9.8464241027832	18.2033345668571	10.2673231697575	4.80452301979994	0.213473729586769
was	2.47972540348563	12.760734752125	14.8764047622681	2.83393859863281	22.7850731279868	2.73639637626328	2.47972540348563	0.638421546552338
wash	4.46804518280951	12.9616935700801	15.8849840164185	10.3824634552002	15.4392257235962	10.4841614165639	4.46804518280951	0.35316175113803
washing	4.76799016324511	14.1052640072028	16.764331817627	12.1066408157349	15.898000088144	12.3125279262617	4.76799016324511	0.244145159220064
watch	4.12184868406243	11.1789880891367	14.8569145202637	8.30428504943848	14.0613435369898	8.29663264128363	4.12184868406243	0.471445543516026
water	3.68297453764604	11.280391862493	15.3549242019653	6.5696439743042	16.5783830969648	5.98240062802111	3.68297453764604	0.820204901060138
we	2.57676135701882	12.7324271447195	14.8435888290405	5.10307121276855	20.4530297630343	5.01182452640474	2.57676135701882	0.693675507861315
were	3.03896483390904	10.2305550693138	14.7593402862549	3.29188919067383	17.5492765015244	2.91183363710326	3.03896483390904	0.733088697115323
wet	4.11477448948127	12.4398878817478	16.1347942352295	9.40427875518799	15.5381330218982	9.34164274159742	4.11477448948127	0.517508338647447
what	2.68441184288302	12.4906275458513	14.9027853012085	5.02782773971558	20.0998672454551	4.88138784624746	2.68441184288302	0.704947612062218
when	2	34.3413030155059	14.8909740447998	6.55017709732056	62.3903810520346	6.2922249789772	0.252423353430748	1.13248142121342
where	2.60211301466758	13.3920411910735	14.930739402771	6.9849853515625	20.2550936138534	6.52898876829359	2.60211301466758	0.96669795329683
which	2.8638954842679	12.3508053941715	14.8813228607178	6.01465129852295	18.8956352479516	5.80597554039132	2.8638954842679	0.784549841678587
white	3.54010934368526	11.7785342437764	14.8423681259155	8.23820400238037	15.519258060481	8.03781042707183	3.54010934368526	0.703881089494948
who	3.41082262852467	9.81466646156835	14.8509101867676	4.57274341583252	15.3932051238579	4.23612779927879	3.41082262852467	0.680802898096996
why	3.45896833307949	11.0884141401744	16.1012229919434	5.94599962234497	16.2925592899872	5.88426899036153	3.45896833307949	0.565314199341258
will	3.22318366455821	11.455978927709	15.2138833999634	5.73022556304932	17.2540075793028	5.65795027611513	3.22318366455821	0.627582267168354
wind	4.02013212912645	11.7765474613378	14.9793500900269	8.24147605895996	15.5915713727794	7.96152354989622	4.02013212912645	0.657381706947638
window	4.05210479750932	9.89555936945934	15.243803024292	5.2310848236084	14.539859810063	5.25125892885568	4.05210479750932	0.412715736807636
windy	4.7641092585006	15.8077124026951	19.0373764038086	13.7493648529053	17.546491885822	14.0689329195682	4.7641092585006	0.230204410511637
wipe	4.29112189885391	13.0272556088836	16.3008117675781	10.0568218231201	15.7653658047497	10.2891454130174	4.29112189885391	0.319679117074054
wish	4.03131081814703	11.4055287490704	14.8183975219727	8.51564598083496	14.1585144191031	8.65254307903765	4.03131081814703	0.351579649052603
with	2	39274.8829492213	14.8290634155273	4.46953439712524	78545.6311727637	4.1347256788232	-8.28787292794816	1.16404508134028
wolf	3.92555782051834	13.1708151745543	16.4354705810547	10.3905258178711	15.9606870298878	10.3809433192208	3.92555782051834	0.592366432412799
woods	4.04181083113442	11.6555013843484	16.3185214996338	7.70636320114136	15.3832018209308	7.92780094776593	4.04181083113442	0.355605971799381
woof	2.92929336209718	16.1926920112606	20.0162010192871	14.2056951522827	14.6990295124013	17.6863545101199	2.92929336209718	0.0615360175984515
work	2.06637390535767	15.0437586813998	14.9035444259644	7.50317096710205	23.7229261848643	6.36459117793521	2.06637390535767	1.46525494424922
would	2.99310304374549	11.4135616050446	14.8938646316528	4.5972728729248	18.3248592123573	4.5022639977319	2.99310304374549	0.639429524151417
write	3.97203849649399	12.8717425915535	18.8169059753418	8.37413311004639	17.0841042816096	8.65938090149738	3.97203849649399	0.41510631838791
yard	4.20783646583191	11.9273509393595	17.2768459320068	7.56802463531494	16.2592461773834	7.59545570133565	4.20783646583191	0.424013820831972
yellow	4.30253018110865	11.905324899866	14.920615196228	9.48180198669434	14.1119646769271	9.69868512280488	4.30253018110865	0.305155631555799
yes	3.54084991309723	12.665471157287	19.0844306945801	7.79405736923218	17.2973852712761	8.03355704329786	3.54084991309723	0.419102143892429
yesterday	4.40273732759908	12.9554489047719	16.8642044067383	10.2762308120728	15.9069516848567	10.0039461246871	4.40273732759908	0.532930612020238
yogurt	4.80861220125192	15.5221518908989	19.9997501373291	12.0692358016968	18.611150377479	12.4331534043188	4.80861220125192	0.235572437549926
you	2.40459610299738	13.2042957320829	14.8845958709717	2.77912044525146	23.7363016885279	2.67228977563785	2.40459610299738	0.67244373778772
your	2.99274220825604	11.5449522474104	15.0160036087036	5.08072805404663	18.0376649666972	5.05223952812362	2.99274220825604	0.617080249154115
yourself	4.12052757654127	10.359362419729	15.1319208145142	5.72645378112793	15.2181392939173	5.50058554554064	4.12052757654127	0.537050739774688
yum	2.84157761972098	16.1788309427368	19.5569534301758	14.7029333114624	14.7690183728046	17.588643512669	2.84157761972098	0.0546039853293364
zebra	2.67624008369876	15.8286018650096	19.8363399505615	14.8963251113892	14.8858461379395	16.7713575920798	2.67624008369876	0.0249942674117993
zipper	4.58345710360295	12.7088189421358	16.8773708343506	9.18762493133545	16.4117059727715	9.00593191150017	4.58345710360295	0.45427905827334
zoo	4.68530159723141	14.1670353305596	17.681396484375	11.7342576980591	16.4923309832962	11.8417396778231	4.68530159723141	0.371487795881552
