Steps	Accuracy	Loss	UniformXent	UniformKL	UnigramXent	UnigramKL	BidirBigramXent	BidirBigramKL	ForwardBigramXent	ForwardBigramKL	BackwardBigramXent	BackwardBigramKL
100	0.07220458984375	13.96544074267149	15.098572596907616	0.22570882737636566	13.919943481683731	4.281379371881485	13.981319919228554	9.43088916502893	14.033445984125137	7.3042632676661015	13.942858837544918	7.295040410012007
200	0.0721435546875	13.125131912529469	15.127348870038986	0.2544851005077362	13.06511426717043	3.426550157368183	13.158218808472157	8.607788054272532	13.230530887842178	6.5013481713831425	13.099096812307835	6.451278384774923
300	0.072021484375	12.672355636954308	15.14971312135458	0.2768493518233299	12.598628394305706	2.96006428450346	12.71094985306263	8.160519098863006	12.782258100807667	6.053075384348631	12.641072981059551	5.99325455352664
400	0.07208251953125	12.26503349095583	15.18338768184185	0.3105239123106003	12.190173290669918	2.551609180867672	12.306988954544067	7.756558200344443	12.37991988658905	5.650737170130014	12.231929995119572	5.58411156758666
500	0.074462890625	11.80787756294012	15.226341776549816	0.35347800701856613	11.752308569848537	2.1137444600462914	11.855678476393223	7.305247722193599	11.9402976334095	5.211114916950464	11.788653403520584	5.140834975987673
600	0.07965087890625	11.296135604381561	15.319396622478962	0.44653285294771194	11.346414297819138	1.7078501880168915	11.353516899049282	6.803086144849658	11.489949747920036	4.760767031461	11.31416641175747	4.666347984224558
700	0.1016845703125	10.784638717770576	15.436161197721958	0.5632974281907082	10.968200631439686	1.3296365216374397	10.85232675820589	6.301896004006267	11.072547622025013	4.343364905565977	10.843834303319454	4.196015875786543
800	0.10821533203125	10.38509826362133	15.625383660197258	0.752519890666008	10.611887849867344	0.9733237400650978	10.46310119330883	5.912670439109206	10.72022645920515	3.9910437427461147	10.472853899002075	3.825035471469164
900	0.11004638671875	10.018923379480839	15.857035592198372	0.9841718226671219	10.353140138089657	0.7145760282874107	10.109025061130524	5.5585943069309	10.440908178687096	3.7117254622280598	10.159466862678528	3.5116484351456165
1000	0.11639404296875	9.784850262105465	16.120091438293457	1.247227668762207	10.159371331334114	0.520807221531868	9.884001411497593	5.333570657297969	10.235888116061687	3.5067053996026516	9.955307580530643	3.307489152997732
1500	0.13739013671875	9.318350605666637	17.01019921898842	2.1373354494571686	10.059049308300018	0.4204851984977722	9.481899373233318	4.931468619033694	10.033511206507683	3.304328490048647	9.704215906560421	3.0563974790275097
2000	0.15380859375	9.006247110664845	17.65119941532612	2.7783356457948685	10.558972172439098	0.9204080626368523	9.231018222868443	4.6805874686688185	10.375730372965336	3.6465476565063	9.599644057452679	2.9518256299197674
2500	0.1754150390625	8.753855474293232	17.962563455104828	3.089699685573578	10.922494232654572	1.2839301228523254	9.019833654165268	4.469402899965644	10.56000242382288	3.830819707363844	9.526174128055573	2.878355700522661
3000	0.21307373046875	8.305626709014177	18.013008430600166	3.1401446610689163	11.412657104432583	1.7740929946303368	8.586948327720165	4.036517573520541	10.679851293563843	3.950668577104807	9.320867918431759	2.6730494908988476
3500	0.2547607421875	7.721999879926443	18.300592437386513	3.4277286678552628	11.962698951363564	2.3241348415613174	8.060741923749447	3.510311169549823	10.514993116259575	3.785810399800539	9.416292160749435	2.768473733216524
4000	0.27716064453125	7.295679420232773	18.461136296391487	3.588272526860237	12.614230364561081	2.975666254758835	7.721740581095219	3.1713098268955946	10.598454006016254	3.8692712895572186	9.65468430519104	3.0068658776581287
4500	0.29498291015625	7.025596339255571	18.856043428182602	3.983179658651352	13.019786641001701	3.3812225311994553	7.558727867901325	3.008297113701701	10.743338078260422	4.014155361801386	9.782800517976284	3.1349820904433727
5000	0.3184814453125	6.808258570730686	19.353187456727028	4.480323687195778	13.351111754775047	3.712547644972801	7.460368677973747	2.909937923774123	10.859164409339428	4.129981692880392	9.946547478437424	3.2987290509045124
5500	0.330322265625	6.600119616836309	19.47442165017128	4.60155788064003	13.66563394665718	4.027069836854935	7.381056185811758	2.830625431612134	10.956256873905659	4.227074157446623	10.097884088754654	3.4500656612217426
6000	0.3388671875	6.435741078108549	19.760855123400688	4.887991353869438	13.966309644281864	4.327745534479618	7.365791641175747	2.815360886976123	11.145538732409477	4.416356015950441	10.198780998587608	3.550962571054697
6500	0.3453369140625	6.303886651992798	19.861023798584938	4.988160029053688	14.211193777620792	4.572629667818546	7.3569636680185795	2.8065329138189554	11.27901191264391	4.549829196184874	10.377512134611607	3.7296937070786953
7000	0.35687255859375	6.163552958518267	20.03416594862938	5.161302179098129	14.355775400996208	4.717211291193962	7.35252470895648	2.802093954756856	11.426563866436481	4.697381149977446	10.42675057798624	3.778932150453329
7500	0.36083984375	6.038700640201569	20.386577412486076	5.513713642954826	14.645220220088959	5.006656110286713	7.348040163516998	2.7976094093173742	11.528707690536976	4.79952497407794	10.611602894961834	3.9637844674289227
8000	0.369873046875	5.954260393977165	20.49012564122677	5.6172618716955185	14.715763479471207	5.077199369668961	7.363354850560427	2.8129240963608027	11.605120666325092	4.875937949866056	10.599057003855705	3.951238576322794
8500	0.37982177734375	5.871204107999802	20.76072306931019	5.887859299778938	14.91052420437336	5.271960094571114	7.433061055839062	2.8826303016394377	11.70870128273964	4.979518566280603	10.80294368416071	4.155125256627798
9000	0.38433837890625	5.779355362057686	21.17286418378353	6.300000414252281	15.216520689427853	5.5779565796256065	7.443742983043194	2.8933122288435698	12.003379322588444	5.274196606129408	10.872420728206635	4.224602300673723
9500	0.38824462890625	5.674752809107304	21.08262726664543	6.2097634971141815	15.274050794541836	5.63548668473959	7.4452887289226055	2.8948579747229815	11.953873112797737	5.224690396338701	11.004389427602291	4.35657100006938
10000	0.394287109375	5.604202281683683	21.210396856069565	6.337533086538315	15.457730330526829	5.819166220724583	7.461072783917189	2.9106420297175646	12.128725953400135	5.399543236941099	11.072793401777744	4.424974974244833
11000	0.40399169921875	5.463464725762606	21.4848500341177	6.611986264586449	15.665283240377903	6.026719130575657	7.52524022385478	2.974809469655156	12.231852494180202	5.502669777721167	11.21814014017582	4.570321712642908
12000	0.4158935546875	5.335055038332939	21.518870174884796	6.646006405353546	15.987190075218678	6.348625965416431	7.636016990989447	3.0855862367898226	12.501786261796951	5.772603545337915	11.454560406506062	4.80674197897315
13000	0.4227294921875	5.184069842100143	21.95149226486683	7.078628495335579	16.18834839016199	6.549784280359745	7.657701671123505	3.1072709169238806	12.598574697971344	5.869391981512308	11.6070965975523	4.959278170019388
14000	0.4317626953125	5.13559503108263	22.20048025250435	7.327616482973099	16.244770295917988	6.606206186115742	7.7526091784238815	3.2021784242242575	12.681396082043648	5.952213365584612	11.684947244822979	5.037128817290068
15000	0.43328857421875	5.069624915719032	22.434939697384834	7.562075927853584	16.404764771461487	6.766200661659241	7.7631571516394615	3.2127263974398375	12.704480715095997	5.975297998636961	11.863855794072151	5.21603736653924
16000	0.4403076171875	4.98558047786355	22.233088567852974	7.360224798321724	16.48279493302107	6.8442308232188225	7.826389163732529	3.2759584095329046	12.868908621370792	6.1397259049117565	11.835542418062687	5.187723990529776
17000	0.443603515625	4.9119251649826765	22.430618047714233	7.557754278182983	16.668248385190964	7.029684275388718	7.848880309611559	3.298449555411935	13.002840258181095	6.273657541722059	11.933622032403946	5.285803604871035
18000	0.4525146484375	4.833763657137752	22.60143581032753	7.72857204079628	16.77022221684456	7.131658107042313	7.8928998075425625	3.3424690533429384	13.088420510292053	6.359237793833017	12.011664606630802	5.363846179097891
19000	0.4571533203125	4.806276334449649	22.861469835042953	7.9886060655117035	16.892543986439705	7.253979876637459	7.929095610976219	3.378664856776595	13.171763896942139	6.442581180483103	12.084644101560116	5.4368256740272045
20000	0.45904541015625	4.7958800252527	22.903148025274277	8.030284255743027	16.953460708260536	7.31489659845829	8.006636582314968	3.456205828115344	13.271375641226768	6.542192924767733	12.196597658097744	5.548779230564833
21000	0.46221923828125	4.733887363225222	23.012449353933334	8.139585584402084	17.064488604664803	7.4259244948625565	8.04415000602603	3.4937192518264055	13.339814685285091	6.6106319688260555	12.259058766067028	5.611240338534117
22000	0.46649169921875	4.70984585210681	22.853471726179123	7.980607956647873	17.116901576519012	7.478337466716766	8.09508415684104	3.5446534026414156	13.416220434010029	6.687037717550993	12.346680708229542	5.6988622806966305
23000	0.4697265625	4.669076507911086	23.017246410250664	8.144382640719414	17.105940029025078	7.467375919222832	8.084189154207706	3.5337584000080824	13.387722291052341	6.658539574593306	12.34257048368454	5.6947520561516285
24000	0.46978759765625	4.663341445848346	23.109512254595757	8.236648485064507	17.398746699094772	7.760182589292526	8.207694634795189	3.657263880595565	13.60143717378378	6.872254457324743	12.518233120441437	5.8704146929085255
25000	0.47503662109375	4.61627265624702	23.05020482838154	8.177341058850288	17.256349712610245	7.617785602807999	8.173295978456736	3.6228652242571115	13.580186739563942	6.851004023104906	12.408232674002647	5.760414246469736
26000	0.4739990234375	4.6305301785469055	23.301827028393745	8.428963258862495	17.47309611737728	7.834532007575035	8.279732950031757	3.7293021958321333	13.732775673270226	7.00359295681119	12.635453261435032	5.987634833902121
27000	0.47906494140625	4.604530585929751	23.496325254440308	8.623461484909058	17.503836542367935	7.865272432565689	8.309979822486639	3.759549068287015	13.747937247157097	7.018754530698061	12.659082911908627	6.011264484375715
28000	0.48193359375	4.5391653049737215	23.476287439465523	8.603423669934273	17.538053020834923	7.899488911032677	8.32961143180728	3.7791806776076555	13.750255450606346	7.02107273414731	12.703247092664242	6.0554286651313305
29000	0.48199462890625	4.540906064212322	23.466368943452835	8.593505173921585	17.66506750881672	8.026503399014473	8.37170485407114	3.8212740998715162	13.886353373527527	7.157170657068491	12.756957493722439	6.1091390661895275
30000	0.48236083984375	4.512867454439402	23.433435827493668	8.560572057962418	17.61860880255699	7.9800446927547455	8.374495211988688	3.8240644577890635	13.905934430658817	7.176751714199781	12.748358592391014	6.100540164858103
31000	0.4853515625	4.492767279967666	23.46392284333706	8.591059073805809	17.73086230456829	8.092298194766045	8.416011925786734	3.8655811715871096	13.981549233198166	7.25236651673913	12.849605925381184	6.201787497848272
32000	0.48773193359375	4.474851129576564	23.626724645495415	8.753860875964165	17.591917887330055	7.953353777527809	8.379295654594898	3.828864900395274	13.834973931312561	7.105791214853525	12.779571183025837	6.131752755492926
33000	0.4864501953125	4.465038510039449	23.558824449777603	8.685960680246353	17.795918822288513	8.157354712486267	8.461130283772945	3.9106995295733213	14.000447414815426	7.27126469835639	12.94433007389307	6.296511646360159
34000	0.49176025390625	4.427888633683324	23.64009290933609	8.76722913980484	17.68720480799675	8.048640698194504	8.4321173094213	3.881686555221677	13.979090802371502	7.249908085912466	12.811868540942669	6.164050113409758
35000	0.4908447265625	4.407205197960138	23.70273396372795	8.829870194196701	17.779152154922485	8.14058804512024	8.473122552037239	3.922691797837615	14.030440039932728	7.301257323473692	12.923678636550903	6.275860209017992
36000	0.49310302734375	4.456167688593268	23.82725951075554	8.954395741224289	17.826229333877563	8.187665224075317	8.5475008264184	3.9970700722187757	14.090459540486336	7.3612768240273	13.004327416419983	6.356508988887072
37000	0.49517822265625	4.429349936544895	23.76353058218956	8.89066681265831	17.82643474638462	8.187870636582375	8.542010109871626	3.991579355672002	14.088880933821201	7.3596982173621655	12.976601406931877	6.328782979398966
38000	0.49578857421875	4.421026835218072	23.950937032699585	9.078073263168335	17.9597015529871	8.321137443184853	8.607341602444649	4.056910848245025	14.19318052381277	7.463997807353735	13.111095018684864	6.463276591151953
39000	0.4986572265625	4.382021684199572	23.684040516614914	8.811176747083664	17.83715930581093	8.198595196008682	8.569647546857595	4.019216792657971	14.107666857540607	7.378484141081572	13.016564570367336	6.368746142834425
40000	0.4964599609375	4.3609729539602995	23.7538792937994	8.88101552426815	17.979710325598717	8.34114621579647	8.616425339132547	4.065994584932923	14.25177101790905	7.522588301450014	13.075696386396885	6.427877958863974
41000	0.50189208984375	4.345752522349358	23.730122447013855	8.857258677482605	17.96667817234993	8.328114062547684	8.656519893556833	4.106089139357209	14.249781526625156	7.5205988101661205	13.118046678602695	6.470228251069784
42000	0.50482177734375	4.332743778824806	23.978627368807793	9.105763599276543	18.06361211836338	8.425048008561134	8.650553911924362	4.100123157724738	14.296252101659775	7.567069385200739	13.151357643306255	6.503539215773344
43000	0.5067138671875	4.298399318009615	23.900506898760796	9.027643129229546	18.096490547060966	8.45792643725872	8.64335698634386	4.092926232144237	14.342278063297272	7.613095346838236	13.179354339838028	6.531535912305117
44000	0.5062255859375	4.309384798631072	23.952766954898834	9.079903185367584	18.1668940782547	8.528329968452454	8.705741684883833	4.155310930684209	14.414295010268688	7.685112293809652	13.234516598284245	6.586698170751333
45000	0.5084228515625	4.299659259617329	23.745609283447266	8.872745513916016	18.075908914208412	8.437344804406166	8.666142132133245	4.115711377933621	14.311257757246494	7.582075040787458	13.207351967692375	6.559533540159464
46000	0.5113525390625	4.293540570884943	24.081076934933662	9.208213165402412	18.25900110602379	8.620436996221542	8.783107805997133	4.232677051797509	14.50981255620718	7.780629839748144	13.322131372988224	6.674312945455313
47000	0.50885009765625	4.305545581504703	24.04329741001129	9.170433640480042	18.174080327153206	8.53551621735096	8.757158316671848	4.206727562472224	14.39767850190401	7.668495785444975	13.298215731978416	6.650397304445505
48000	0.50921630859375	4.263325102627277	24.09977188706398	9.22690811753273	18.237231254577637	8.59866714477539	8.757224574685097	4.206793820485473	14.464726939797401	7.7355442233383656	13.326427459716797	6.678609032183886
49000	0.50927734375	4.256538525223732	24.10099582374096	9.22813205420971	18.15403351187706	8.515469402074814	8.719977967441082	4.169547213241458	14.42700845003128	7.697825733572245	13.230955362319946	6.583136934787035
50000	0.5126953125	4.239119498059154	23.922831267118454	9.049967497587204	18.218207359313965	8.579643249511719	8.797827500849962	4.247396746650338	14.4537193775177	7.724536661058664	13.362078964710236	6.714260537177324
51000	0.51171875	4.2110797092318535	23.94854173064232	9.075677961111069	18.23067034780979	8.592106238007545	8.766497578471899	4.216066824272275	14.512265987694263	7.783083271235228	13.286038376390934	6.638219948858023
52000	0.5146484375	4.223333874717355	24.08304439485073	9.210180625319481	18.209561452269554	8.570997342467308	8.779769580811262	4.229338826611638	14.51778819411993	7.788605477660894	13.307286061346531	6.65946763381362
53000	0.51727294921875	4.194867229089141	24.182618975639343	9.309755206108093	18.362192407250404	8.723628297448158	8.868866309523582	4.318435555323958	14.62719339132309	7.898010674864054	13.44698330014944	6.7991648726165295
54000	0.51495361328125	4.208020441234112	23.947152107954025	9.074288338422775	18.06340081989765	8.424836710095406	8.754338078200817	4.203907324001193	14.399356238543987	7.670173522084951	13.189409874379635	6.541591446846724
55000	0.51934814453125	4.202866218984127	24.126962155103683	9.254098385572433	18.319601818919182	8.681037709116936	8.854899801313877	4.304469047114253	14.559450641274452	7.830267924815416	13.422306627035141	6.77448819950223
56000	0.51458740234375	4.22044481523335	24.111277922987938	9.238414153456688	18.23567207157612	8.597107961773872	8.840356234461069	4.289925480261445	14.50736328214407	7.778180565685034	13.373989783227444	6.726171355694532
57000	0.51788330078125	4.179379690438509	24.178172931075096	9.305309161543846	18.413902059197426	8.77533794939518	8.924497820436954	4.37406706623733	14.698676615953445	7.96949389949441	13.492779426276684	6.8449609987437725
58000	0.525390625	4.145175069570541	24.156448855996132	9.283585086464882	18.43610991537571	8.797545805573463	8.883792273700237	4.333361519500613	14.696256265044212	7.9670735485851765	13.464424297213554	6.816605869680643
59000	0.52239990234375	4.155838694423437	24.249872714281082	9.377008944749832	18.357495456933975	8.71893134713173	8.88521970808506	4.334788953885436	14.5922527089715	7.8630699925124645	13.4717413559556	6.823922928422689
60000	0.51837158203125	4.143211543560028	24.11251926422119	9.239655494689941	18.28231778740883	8.643753677606583	8.853483509272337	4.303052755072713	14.552609376609325	7.8234266601502895	13.408018551766872	6.760200124233961
61000	0.5213623046875	4.140163663774729	24.197739213705063	9.324875444173813	18.3966865837574	8.758122473955154	8.965170443058014	4.41473968885839	14.688342340290546	7.9591596238315105	13.531422436237335	6.883604008704424
62000	0.51971435546875	4.1420397739857435	24.125018522143364	9.252154752612114	18.377380654215813	8.738816544413567	8.924348626285791	4.373917872086167	14.619551613926888	7.890368897467852	13.512505814433098	6.8646873869001865
63000	0.5224609375	4.134107448160648	24.271905347704887	9.399041578173637	18.35460625588894	8.716042146086693	8.903701055794954	4.35327030159533	14.67787480354309	7.948692087084055	13.421604819595814	6.7737863920629025
64000	0.52545166015625	4.132664605975151	24.32025869190693	9.447394922375679	18.523194432258606	8.88463032245636	8.96094236150384	4.410511607304215	14.754333168268204	8.025150451809168	13.572728879749775	6.924910452216864
65000	0.52728271484375	4.114286193624139	24.250232726335526	9.377368956804276	18.50933988392353	8.870775774121284	8.915932562202215	4.365501808002591	14.736633867025375	8.00745115056634	13.578068763017654	6.930250335484743
66000	0.52294921875	4.162069344893098	24.318114802241325	9.445251032710075	18.56505912542343	8.926495015621185	9.026820536702871	4.476389782503247	14.84588012099266	8.116697404533625	13.663582630455494	7.015764202922583
67000	0.52154541015625	4.115733062848449	24.25872766971588	9.385863900184631	18.46845118701458	8.829887077212334	9.00818882137537	4.457758067175746	14.709452964365482	7.9802702479064465	13.607538394629955	6.959719967097044
68000	0.52752685546875	4.111865941435099	24.276638075709343	9.403774306178093	18.57175289094448	8.933188781142235	9.04758732393384	4.497156569734216	14.853367164731026	8.12418444827199	13.674059949815273	7.026241522282362
69000	0.52313232421875	4.11446382291615	24.222354620695114	9.349490851163864	18.31086176633835	8.672297656536102	8.913544438779354	4.36311368457973	14.621765322983265	7.892582606524229	13.47118166834116	6.8233632408082485
70000	0.52630615234375	4.108644900843501	24.306956976652145	9.434093207120895	18.490306958556175	8.85174284875393	9.003805816173553	4.453375061973929	14.734666541218758	8.005483824759722	13.644386872649193	6.9965684451162815
71000	0.5255126953125	4.111496532335877	24.32588702440262	9.453023254871368	18.430391043424606	8.79182693362236	9.00501112639904	4.454580372199416	14.737068854272366	8.00788613781333	13.591515831649303	6.943697404116392
72000	0.5272216796875	4.115850068628788	24.376348614692688	9.503484845161438	18.581068456172943	8.942504346370697	9.063628852367401	4.513198098167777	14.84347277879715	8.114290062338114	13.679575145244598	7.031756717711687
73000	0.52447509765625	4.084320168942213	24.359605565667152	9.486741796135902	18.58781836926937	8.949254259467125	9.052716493606567	4.502285739406943	14.84625618904829	8.117073472589254	13.69525808095932	7.047439653426409
74000	0.52880859375	4.082701308652759	24.324576437473297	9.451712667942047	18.563814163208008	8.925250053405762	9.058814771473408	4.508384017273784	14.851891778409481	8.122709061950445	13.717809610068798	7.069991182535887
75000	0.531005859375	4.0915073081851006	24.455962300300598	9.583098530769348	18.680329352617264	9.041765242815018	9.114084105938673	4.563653351739049	14.939769670367241	8.210586953908205	13.776672251522541	7.12885382398963
76000	0.53277587890625	4.0637382455170155	24.31775327026844	9.44488950073719	18.441264390945435	8.802700281143188	9.001917038112879	4.451486283913255	14.743492349982262	8.014309633523226	13.57548888027668	6.927670452743769
77000	0.53106689453125	4.107736002653837	24.48298153281212	9.610117763280869	18.689187616109848	9.050623506307602	9.126063767820597	4.575633013620973	14.966536313295364	8.237353596836329	13.744124695658684	7.0963062681257725
78000	0.53314208984375	4.079698450863361	24.458398640155792	9.585534870624542	18.6542696505785	9.015705540776253	9.135204292833805	4.584773538634181	14.941579356789589	8.212396640330553	13.757442809641361	7.10962438210845
79000	0.5338134765625	4.082763569429517	24.42897416651249	9.55611039698124	18.65450930595398	9.015945196151733	9.115791842341423	4.565361088141799	14.955190666019917	8.22600794956088	13.772481955587864	7.124663528054953
80000	0.53173828125	4.091502005234361	24.50847999751568	9.635616227984428	18.76314663887024	9.124582529067993	9.215229079127312	4.664798324927688	15.016425713896751	8.287242997437716	13.884693831205368	7.236875403672457
81000	0.532470703125	4.062181567773223	24.382190316915512	9.509326547384262	18.596949353814125	8.958385244011879	9.107349127531052	4.556918373331428	14.897025145590305	8.16784242913127	13.735943645238876	7.088125217705965
82000	0.5367431640625	4.060554847121239	24.360210433602333	9.487346664071083	18.650707811117172	9.012143701314926	9.14021997153759	4.589789217337966	14.952344305813313	8.223161589354277	13.753631509840488	7.105813082307577
83000	0.53717041015625	4.054362567141652	24.461429923772812	9.588566154241562	18.724165230989456	9.08560112118721	9.182850651443005	4.6324198972433805	14.991811402142048	8.262628685683012	13.837352305650711	7.1895338781178
84000	0.53631591796875	4.033477880060673	24.375651106238365	9.502787336707115	18.61947962641716	8.980915516614914	9.13173733651638	4.581306582316756	14.919097781181335	8.1899150647223	13.764387510716915	7.116569083184004
85000	0.53497314453125	4.048352811485529	24.367592006921768	9.494728237390518	18.632285580039024	8.993721470236778	9.122257366776466	4.571826612576842	15.000627614557743	8.271444898098707	13.693728245794773	7.045909818261862
86000	0.535888671875	4.0648234486579895	24.440141335129738	9.567277565598488	18.66565378010273	9.027089670300484	9.1751499325037	4.624719178304076	14.987989649176598	8.258806932717562	13.799535423517227	7.151716995984316
87000	0.5380859375	4.0409881696105	24.528692066669464	9.655828297138214	18.777052387595177	9.13848827779293	9.184818029403687	4.6343872752040625	15.040827371180058	8.311644654721022	13.831424288451672	7.18360586091876
88000	0.53436279296875	4.053444070741534	24.601927310228348	9.729063540697098	18.643831938505173	9.005267828702927	9.189397543668747	4.638966789469123	14.956088401377201	8.226905684918165	13.806620724499226	7.158802296966314
89000	0.53607177734375	4.041285984218121	24.350163966417313	9.477300196886063	18.541086986660957	8.902522876858711	9.148982405662537	4.598551651462913	14.872835367918015	8.143652651458979	13.766251742839813	7.118433315306902
90000	0.5380859375	4.06195193529129	24.481345906853676	9.608482137322426	18.78212195634842	9.143557846546173	9.226768266409636	4.6763375122100115	15.072369448840618	8.343186732381582	13.875856906175613	7.228038478642702
91000	0.53717041015625	4.042716460302472	24.42419557273388	9.551331803202629	18.66157279908657	9.023008689284325	9.177691332995892	4.6272605787962675	14.959004499018192	8.229821782559156	13.764131397008896	7.116312969475985
92000	0.5372314453125	3.9690526258200407	24.50001648068428	9.62715271115303	18.725790053606033	9.087225943803787	9.191664937883615	4.641234183683991	15.018334485590458	8.289151769131422	13.84925652295351	7.201438095420599
93000	0.54034423828125	3.982325864955783	24.493233054876328	9.620369285345078	18.69552518427372	9.056961074471474	9.148617163300514	4.59818640910089	14.982725456357002	8.253542739897966	13.804836601018906	7.157018173485994
94000	0.5390625	3.9901993181556463	24.492607295513153	9.619743525981903	18.68948146700859	9.050917357206345	9.16304212063551	4.612611366435885	14.973340034484863	8.244157318025827	13.832460917532444	7.184642489999533
95000	0.5394287109375	3.9785624500364065	24.387193948030472	9.514330178499222	18.61157637834549	8.973012268543243	9.1801478266716	4.629717072471976	14.935003608465195	8.205820892006159	13.81446273624897	7.166644308716059
96000	0.53997802734375	3.986063627526164	24.43247340619564	9.55960963666439	18.663803055882454	9.025238946080208	9.155550129711628	4.605119375512004	15.004655234515667	8.275472518056631	13.776471465826035	7.128653038293123
97000	0.54254150390625	3.9910785648971796	24.599187046289444	9.726323276758194	18.764406636357307	9.125842526555061	9.23394937813282	4.683518623933196	15.050343625247478	8.321160908788443	13.939100861549377	7.291282434016466
98000	0.5419921875	3.9629786908626556	24.422978311777115	9.550114542245865	18.80365101993084	9.165086910128593	9.203261822462082	4.652831068262458	15.074219487607479	8.345036771148443	13.913406267762184	7.265587840229273
99000	0.5460205078125	3.964728219434619	24.414932638406754	9.542068868875504	18.71614618599415	9.077582076191902	9.221386633813381	4.670955879613757	15.061926580965519	8.332743864506483	13.880687095224857	7.232868667691946
100000	0.54010009765625	3.9729803670197725	24.551504746079445	9.678640976548195	18.813370898365974	9.174806788563728	9.261774994432926	4.711344240233302	15.150955021381378	8.421772304922342	13.915004283189774	7.267185855656862
110000	0.5479736328125	3.92383592762053	24.37616004049778	9.50329627096653	18.67880503833294	9.040240928530693	9.228310011327267	4.677879257127643	15.057142987847328	8.327960271388292	13.844000972807407	7.196182545274496
120000	0.55059814453125	3.9104807022958994	24.56610582768917	9.69324205815792	18.787673741579056	9.14910963177681	9.353303238749504	4.80287248454988	15.114942960441113	8.385760243982077	14.009204171597958	7.361385744065046
130000	0.55224609375	3.8801964726299047	24.683431446552277	9.810567677021027	18.953872725367546	9.3153086155653	9.447737835347652	4.897307081148028	15.307925060391426	8.57874234393239	14.122918091714382	7.475099664181471
140000	0.553466796875	3.849303824827075	24.67351260781288	9.800648838281631	18.86400306224823	9.225438952445984	9.421974033117294	4.87154327891767	15.26358888298273	8.534406166523695	14.050248958170414	7.402430530637503
150000	0.5595703125	3.806702923029661	24.706121653318405	9.833257883787155	19.06277695298195	9.424212843179703	9.518530152738094	4.96809939853847	15.450474187731743	8.721291471272707	14.190758012235165	7.542939584702253
160000	0.56414794921875	3.7679938338696957	24.804528400301933	9.931664630770683	19.167638882994652	9.529074773192406	9.549874134361744	4.99944338016212	15.537480674684048	8.808297958225012	14.237758837640285	7.589940410107374
170000	0.564453125	3.76552970148623	24.784972429275513	9.912108659744263	19.15032434463501	9.511760234832764	9.553736731410027	5.0033059772104025	15.48575983196497	8.756577115505934	14.263228192925453	7.615409765392542
180000	0.5673828125	3.749491633847356	24.85909965634346	9.98623588681221	19.091773062944412	9.453208953142166	9.590499177575111	5.040068423375487	15.512280635535717	8.783097919076681	14.231545679271221	7.58372725173831
190000	0.56719970703125	3.7440776601433754	24.746155828237534	9.873292058706284	19.05615223944187	9.417588129639626	9.555777192115784	5.00534643791616	15.4495245590806	8.720341842621565	14.21998394280672	7.572165515273809
200000	0.569580078125	3.740717150270939	24.795072630047798	9.922208860516548	19.136875808238983	9.498311698436737	9.61178733408451	5.061356579884887	15.496085025370121	8.766902308911085	14.29636887460947	7.648550447076559
210000	0.56951904296875	3.6817388273775578	24.747656226158142	9.874792456626892	19.149849012494087	9.511284902691841	9.563148580491543	5.012717826291919	15.504790186882019	8.775607470422983	14.2684286236763	7.620610196143389
220000	0.5740966796875	3.6743258889764547	24.862082958221436	9.989219188690186	19.25479221343994	9.616228103637695	9.66327540576458	5.112844651564956	15.635615155100822	8.906432438641787	14.373358070850372	7.725539643317461
230000	0.57623291015625	3.668591970577836	24.835647866129875	9.962784096598625	19.29436817765236	9.655804067850113	9.729099549353123	5.178668795153499	15.706790700554848	8.977607984095812	14.426813311874866	7.778994884341955
240000	0.5740966796875	3.6277577616274357	24.883070647716522	10.010206878185272	19.250818714499474	9.612254604697227	9.664134815335274	5.11370406113565	15.604609049856663	8.875426333397627	14.372086100280285	7.724267672747374
250000	0.58135986328125	3.6364161744713783	24.875967130064964	10.003103360533714	19.35657349228859	9.718009382486343	9.748702496290207	5.198271742090583	15.757612109184265	9.02842939272523	14.451288394629955	7.803469967097044
260000	0.5771484375	3.6335915978997946	25.03028565645218	10.157421886920929	19.45112106204033	9.812556952238083	9.771517284214497	5.2210865300148726	15.822155520319939	9.092972803860903	14.512312591075897	7.864494163542986
270000	0.5828857421875	3.5941993072628975	25.045506864786148	10.172643095254898	19.537682071328163	9.899117961525917	9.80087323486805	5.250442480668426	15.88276319950819	9.153580483049154	14.594253525137901	7.94643509760499
280000	0.5863037109375	3.620916575193405	25.09061987698078	10.217756107449532	19.656956642866135	10.018392533063889	9.924388833343983	5.373958079144359	16.03396464139223	9.304781924933195	14.710797481238842	8.06297905370593
290000	0.58502197265625	3.5800199676305056	24.973931655287743	10.101067885756493	19.586627051234245	9.948062941432	9.859046153724194	5.3086153995245695	15.956429399549961	9.227246683090925	14.647304877638817	7.9994864501059055
300000	0.58746337890625	3.5684239603579044	24.935536801815033	10.062673032283783	19.396776363253593	9.758212253451347	9.80996222794056	5.259531473740935	15.842879988253117	9.11369727179408	14.520295143127441	7.87247671559453
310000	0.5863037109375	3.568532533943653	24.931443348526955	10.058579578995705	19.48699699342251	9.848432883620262	9.823437310755253	5.273006556555629	15.854938752949238	9.125756036490202	14.58655221760273	7.9387337900698185
320000	0.5860595703125	3.5310828778892756	24.905002877116203	10.032139107584953	19.480075299739838	9.841511189937592	9.830361612141132	5.279930857941508	15.858093857765198	9.128911141306162	14.605752170085907	7.957933742552996
330000	0.59197998046875	3.521592825651169	24.995855197310448	10.122991427779198	19.611018672585487	9.972454562783241	9.879499197006226	5.3290684428066015	15.95062106102705	9.221438344568014	14.690085627138615	8.042267199605703
340000	0.5906982421875	3.506471863016486	24.908418282866478	10.035554513335228	19.450427293777466	9.81186318397522	9.850980162620544	5.30054940842092	15.836097463965416	9.10691474750638	14.621806763112545	7.973988335579634
350000	0.5938720703125	3.504663161933422	25.071107029914856	10.198243260383606	19.552038922905922	9.913474813103676	9.936915196478367	5.386484442278743	15.947128348052502	9.217945631593466	14.71831527352333	8.07049684599042
360000	0.59490966796875	3.5418875366449356	25.151387557387352	10.278523787856102	19.712089255452156	10.07352514564991	9.97298813611269	5.422557381913066	16.04239197820425	9.313209261745214	14.815236292779446	8.167417865246534
370000	0.5947265625	3.514224611222744	25.05955082178116	10.186687052249908	19.67701195180416	10.038447842001915	9.965596459805965	5.415165705606341	16.06946039944887	9.340277682989836	14.76343359798193	8.115615170449018
380000	0.59796142578125	3.520141515880823	25.127210453152657	10.254346683621407	19.755627274513245	10.117063164710999	10.052664183080196	5.502233428880572	16.16548629850149	9.436303582042456	14.836707726120949	8.188889298588037
390000	0.59759521484375	3.4722994565963745	25.120443925261497	10.247580155730247	19.687373489141464	10.048809379339218	9.994770988821983	5.444340234622359	16.065268151462078	9.336085435003042	14.809633985161781	8.16181555762887
400000	0.59954833984375	3.465791668742895	25.024877935647964	10.152014166116714	19.70560024678707	10.067036136984825	9.988694608211517	5.438263854011893	16.10986977815628	9.380687061697245	14.774964459240437	8.127146031707525
410000	0.59832763671875	3.4497227016836405	25.068059384822845	10.195195615291595	19.684826523065567	10.046262413263321	9.98610208928585	5.4356713350862265	16.086564913392067	9.357382196933031	14.79039940983057	8.142580982297659
420000	0.6007080078125	3.4483354687690735	25.061034813523293	10.188171043992043	19.768604174256325	10.130040064454079	10.030591741204262	5.480160987004638	16.15839283913374	9.429210122674704	14.85462899506092	8.20681056752801
430000	0.60162353515625	3.4213718697428703	25.08176037669182	10.208896607160568	19.698342323303223	10.059778213500977	10.021416127681732	5.470985373482108	16.08761402219534	9.358431305736303	14.822889275848866	8.175070848315954
440000	0.60272216796875	3.437237052246928	25.02404023706913	10.15117646753788	19.674427285790443	10.035863175988197	10.040511831641197	5.490081077441573	16.052227593958378	9.323044877499342	14.848206885159016	8.200388457626104
450000	0.60040283203125	3.4289198257029057	25.092932283878326	10.220068514347076	19.80482955276966	10.166265442967415	10.081048227846622	5.530617473646998	16.205343022942543	9.476160306483507	14.928314432501793	8.280496004968882
460000	0.60394287109375	3.424753887578845	25.094335675239563	10.221471905708313	19.91835556924343	10.279791459441185	10.116576872766018	5.566146118566394	16.2450729906559	9.515890274196863	15.015058480203152	8.36724005267024
470000	0.60833740234375	3.3847844544798136	25.048108637332916	10.175244867801666	19.823437243700027	10.184873133897781	10.066487275063992	5.5160565208643675	16.208982206881046	9.47979949042201	14.913896702229977	8.266078274697065
480000	0.6087646484375	3.383393859490752	25.100298702716827	10.227434933185577	19.839312076568604	10.200747966766357	10.114986449480057	5.564555695280433	16.22696542739868	9.497782710939646	14.97737979888916	8.329561371356249
490000	0.6092529296875	3.3818520940840244	25.073281347751617	10.200417578220367	19.88270242512226	10.244138315320015	10.118540994822979	5.568110240623355	16.215965375304222	9.486782658845186	15.032369829714298	8.384551402181387
500000	0.607666015625	3.3818647023290396	25.101787343621254	10.228923574090004	19.904600918293	10.266036808490753	10.142966508865356	5.592535754665732	16.280488789081573	9.551306072622538	15.000159658491611	8.3523412309587
510000	0.610107421875	3.411496153101325	25.200409039855003	10.327545270323753	19.9415462911129	10.302982181310654	10.223133735358715	5.672702981159091	16.32594257593155	9.596759859472513	15.09493425488472	8.447115827351809
520000	0.60894775390625	3.3952978625893593	25.217847242951393	10.344983473420143	20.077213793992996	10.43864968419075	10.222561612725258	5.672130858525634	16.38581843674183	9.656635720282793	15.17895095050335	8.531132522970438
530000	0.60821533203125	3.381573973223567	25.22067303955555	10.3478092700243	20.096234887838364	10.457670778036118	10.266425512731075	5.715994758531451	16.44122751802206	9.712044801563025	15.188573203980923	8.540754776448011
540000	0.6123046875	3.371674941852689	25.272813260555267	10.399949491024017	20.161818474531174	10.523254364728928	10.272607162594795	5.722176408395171	16.455345027148724	9.726162310689688	15.237475544214249	8.589657116681337
550000	0.61285400390625	3.359540307894349	25.184009864926338	10.311146095395088	20.04811353981495	10.409549430012703	10.246345341205597	5.695914587005973	16.392287716269493	9.663104999810457	15.164038978517056	8.516220550984144
560000	0.613525390625	3.3297114074230194	25.124079704284668	10.251215934753418	20.12207494676113	10.483510836958885	10.236334420740604	5.68590366654098	16.46611711382866	9.736934397369623	15.138692058622837	8.490873631089926
570000	0.61370849609375	3.338470498099923	25.16938318312168	10.296519413590431	20.0948024392128	10.456238329410553	10.27121876180172	5.720788007602096	16.44880047440529	9.719617757946253	15.200472608208656	8.552654180675745
580000	0.61456298828125	3.310788484290242	25.136870071291924	10.264006301760674	20.160943806171417	10.522379696369171	10.281344808638096	5.730914054438472	16.48647041618824	9.757287699729204	15.248507335782051	8.60068890824914
590000	0.61474609375	3.301704255864024	25.11952678859234	10.246663019061089	20.09979322552681	10.461229115724564	10.265617534518242	5.715186780318618	16.44806818664074	9.718885470181704	15.22123148292303	8.57341305539012
600000	0.617919921875	3.3157945703715086	25.21674193441868	10.343878164887428	20.20834557712078	10.569781467318535	10.309702970087528	5.759272215887904	16.53349632769823	9.804313611239195	15.278480723500252	8.63066229596734
610000	0.61614990234375	3.2879462614655495	25.07110132277012	10.198237553238869	19.967573255300522	10.329009145498276	10.241247043013573	5.690816288813949	16.35221853107214	9.623035814613104	15.143769554793835	8.495951127260923
620000	0.61810302734375	3.2835309579968452	25.06409938633442	10.19123561680317	19.98899994790554	10.350435838103294	10.222914218902588	5.672483464702964	16.320124357938766	9.59094164147973	15.156615167856216	8.508796740323305
630000	0.619873046875	3.290826080366969	25.203542411327362	10.330678641796112	20.14989459514618	10.511330485343933	10.314326226711273	5.763895472511649	16.49909856915474	9.769915852695704	15.246979340910912	8.599160913378
640000	0.6195068359375	3.2763024233281612	25.13505557179451	10.26219180226326	20.133753210306168	10.495189100503922	10.314020670950413	5.763589916750789	16.507464662194252	9.778281945735216	15.239580683410168	8.591762255877256
650000	0.62030029296875	3.260438548400998	25.175772219896317	10.302908450365067	20.234306946396828	10.595742836594582	10.33206594735384	5.781635193154216	16.584822118282318	9.855639401823282	15.26902510970831	8.621206682175398
660000	0.62109375	3.273365816101432	25.191720604896545	10.318856835365295	20.160697177052498	10.522133067250252	10.345099158585072	5.7946684043854475	16.509021997451782	9.779839280992746	15.294397056102753	8.646578628569841
670000	0.62091064453125	3.277229465544224	25.19948461651802	10.32662084698677	20.19332380592823	10.554759696125984	10.354284405708313	5.803853651508689	16.554688438773155	9.82550572231412	15.272425226867199	8.624606799334288
680000	0.618896484375	3.289191273972392	25.19643059372902	10.32356682419777	20.313972771167755	10.675408661365509	10.41551037877798	5.865079624578357	16.66275391727686	9.933571200817823	15.377193354070187	8.729374926537275
690000	0.61932373046875	3.2703208420425653	25.229883804917336	10.357020035386086	20.292946845293045	10.654382735490799	10.41524302214384	5.864812267944217	16.63596724718809	9.906784530729055	15.366082683205605	8.718264255672693
700000	0.62060546875	3.2486821431666613	25.218989327549934	10.346125558018684	20.28412888944149	10.645564779639244	10.421944603323936	5.871513849124312	16.617824837565422	9.888642121106386	15.384552121162415	8.736733693629503
710000	0.62060546875	3.250055069103837	25.151237040758133	10.278373271226883	20.250852063298225	10.61228795349598	10.396807610988617	5.846376856788993	16.617673493921757	9.88849077746272	15.329028598964214	8.681210171431303
720000	0.6214599609375	3.246193379163742	25.250331297516823	10.377467527985573	20.304140254855156	10.66557614505291	10.443789683282375	5.893358929082751	16.656311959028244	9.927129242569208	15.403079092502594	8.755260664969683
730000	0.62286376953125	3.2359493523836136	25.18210393190384	10.309240162372589	20.22342276573181	10.584858655929565	10.372201800346375	5.8217710461467505	16.580829106271267	9.851646389812231	15.321816183626652	8.67399775609374
740000	0.6236572265625	3.2578010354191065	25.26738929748535	10.394525527954102	20.414160922169685	10.77559681236744	10.491115890443325	5.940685136243701	16.76884926855564	10.039666552096605	15.465959928929806	8.818141501396894
750000	0.62591552734375	3.2287530321627855	25.27335426211357	10.400490492582321	20.440245121717453	10.801681011915207	10.494330942630768	5.943900188431144	16.772322311997414	10.043139595538378	15.487290970981121	8.83947254344821
760000	0.6275634765625	3.2353659849613905	25.251662999391556	10.378799229860306	20.36008207499981	10.721517965197563	10.46465838700533	5.914227632805705	16.717707194387913	9.988524477928877	15.418545685708523	8.770727258175611
770000	0.62957763671875	3.2236876990646124	25.23986877501011	10.367005005478859	20.40252548456192	10.763961374759674	10.48276237398386	5.932331619784236	16.747263930737972	10.018081214278936	15.466186165809631	8.81836773827672
780000	0.63092041015625	3.2151029389351606	25.262968257069588	10.390104487538338	20.459029003977776	10.82046489417553	10.515448108315468	5.965017354115844	16.787535026669502	10.058352310210466	15.513675265014172	8.86585683748126
790000	0.6309814453125	3.2120540719479322	25.255246967077255	10.382383197546005	20.468756332993507	10.830192223191261	10.514101229608059	5.963670475408435	16.81864731013775	10.089464593678713	15.500624813139439	8.852806385606527
800000	0.6282958984375	3.2106291837990284	25.238687098026276	10.365823328495026	20.41671358048916	10.778149470686913	10.521476238965988	5.971045484766364	16.793387427926064	10.064204711467028	15.491694316267967	8.843875888735056
810000	0.62908935546875	3.190896948799491	25.248020261526108	10.375156491994858	20.47352284193039	10.834958732128143	10.52473645657301	5.974305702373385	16.813469260931015	10.08428654447198	15.528878808021545	8.881060380488634
820000	0.6300048828125	3.169173361733556	25.252184882760048	10.379321113228798	20.486334040760994	10.847769930958748	10.532334461808205	5.981903707608581	16.82085880637169	10.091676089912653	15.530737988650799	8.882919561117887
830000	0.6307373046875	3.1791939698159695	25.282642379403114	10.409778609871864	20.503235682845116	10.86467157304287	10.541977055370808	5.991546301171184	16.827636942267418	10.098454225808382	15.549616314470768	8.901797886937857
840000	0.631103515625	3.17489643022418	25.23664815723896	10.36378438770771	20.55848540365696	10.919921293854713	10.546732924878597	5.996302170678973	16.865464091300964	10.136281374841928	15.576566264033318	8.928747836500406
850000	0.63372802734375	3.1740023363381624	25.26702918112278	10.39416541159153	20.53618587553501	10.897621765732765	10.570524647831917	6.020093893632293	16.880347475409508	10.151164758950472	15.565333999693394	8.917515572160482
860000	0.6326904296875	3.1691156700253487	25.252124324440956	10.379260554909706	20.58062094449997	10.942056834697723	10.581562727689743	6.031131973490119	16.909113243222237	10.1799305267632	15.60094040632248	8.953121978789568
870000	0.63427734375	3.1478930190205574	25.2142793238163	10.34141555428505	20.567156314849854	10.928592205047607	10.558854669332504	6.00842391513288	16.887189120054245	10.15800640359521	15.575031235814095	8.927212808281183
880000	0.63470458984375	3.153962532058358	25.25221085548401	10.379347085952759	20.593055233359337	10.95449112355709	10.593113273382187	6.042682519182563	16.915651947259903	10.186469230800867	15.609113812446594	8.961295384913683
890000	0.63348388671875	3.161020956002176	25.25495983660221	10.382096067070961	20.6219684779644	10.983404368162155	10.619175061583519	6.068744307383895	16.956977769732475	10.22779505327344	15.626732669770718	8.978914242237806
900000	0.63543701171875	3.152615999802947	25.24738396704197	10.37452019751072	20.636205345392227	10.997641235589981	10.615913540124893	6.065482785925269	16.964810580015182	10.235627863556147	15.625476151704788	8.977657724171877
910000	0.6373291015625	3.145720137283206	25.26233173906803	10.389467969536781	20.613713830709457	10.975149720907211	10.607474192976952	6.0570434387773275	16.947682961821556	10.21850024536252	15.62091589719057	8.97309746965766
920000	0.63720703125	3.142843659967184	25.290755689144135	10.417891919612885	20.6753751039505	11.036810994148254	10.63106507062912	6.080634316429496	16.983968541026115	10.25478582456708	15.668745569884777	9.020927142351866
930000	0.6363525390625	3.1408172361552715	25.256915420293808	10.384051650762558	20.642758458852768	11.004194349050522	10.620625257492065	6.070194503292441	16.968780010938644	10.239597294479609	15.642203077673912	8.994384650141
940000	0.63763427734375	3.132603901438415	25.264338344335556	10.391474574804306	20.674790173768997	11.036226063966751	10.631968080997467	6.081537326797843	16.99026656150818	10.261083845049143	15.66493433713913	9.017115909606218
950000	0.64068603515625	3.1268827011808753	25.256484538316727	10.383620768785477	20.667890906333923	11.029326796531677	10.630973100662231	6.080542346462607	16.99422512948513	10.265042413026094	15.651483088731766	9.003664661198854
960000	0.64007568359375	3.1289399145171046	25.270521894097328	10.397658124566078	20.700771316885948	11.062207207083702	10.652526043355465	6.102095289155841	17.031474843621254	10.302292127162218	15.673959769308567	9.026141341775656
970000	0.640625	3.1260255239903927	25.25548805296421	10.38262428343296	20.69013251364231	11.051568403840065	10.646863996982574	6.09643324278295	17.017712771892548	10.288530055433512	15.671275801956654	9.023457374423742
980000	0.6417236328125	3.1255866792052984	25.27800388634205	10.405140116810799	20.726231053471565	11.08766694366932	10.662215515971184	6.11178476177156	17.05410026013851	10.324917543679476	15.689516089856625	9.041697662323713
990000	0.6412353515625	3.120595870539546	25.280371382832527	10.407507613301277	20.734658047556877	11.096093937754631	10.66984174400568	6.119410989806056	17.058665573596954	10.329482857137918	15.700974866747856	9.053156439214945
1000000	0.64190673828125	3.1206365199759603	25.27797032892704	10.40510655939579	20.732614114880562	11.094050005078316	10.665657363831997	6.115226609632373	17.05636201798916	10.327179301530123	15.697511471807957	9.049693044275045
