Steps	Accuracy	Loss	UniformXent	UniformKL	UnigramXent	UnigramKL	BidirBigramXent	BidirBigramKL	ForwardBigramXent	ForwardBigramKL	BackwardBigramXent	BackwardBigramKL
100	0.0	14.859077133238316	14.873755641281605	0.0008918717503547668	14.862347513437271	5.223783403635025	14.860112681984901	10.309681927785277	14.859415374696255	8.130232658237219	14.862335912883282	8.21451748535037
200	0.0	14.831268191337585	14.87382461130619	0.0009608417749404907	14.838545806705952	5.199981696903706	14.832712896168232	10.282282141968608	14.832905486226082	8.103722769767046	14.835436932742596	8.187618505209684
300	0.07391357421875	14.767336554825306	14.874262474477291	0.0013987049460411072	14.784090712666512	5.145526602864265	14.76972609013319	10.219295335933566	14.772186040878296	8.04300332441926	14.773657955229282	8.125839527696371
400	0.07208251953125	14.3792884349823	14.884211011230946	0.011347241699695587	14.461623959243298	4.8230598494410515	14.386534504592419	9.836103750392795	14.41080129891634	7.681618582457304	14.396811626851559	7.748993199318647
500	0.0721435546875	11.079410009086132	16.06879833340645	1.1959345638751984	11.505320861935616	1.8667567521333694	11.14779917895794	6.597368424758315	11.143066197633743	4.413883481174707	11.230477146804333	4.582658719271421
600	0.0716552734375	10.201728574931622	16.56246852874756	1.6896047592163086	10.639963142573833	1.0013990327715874	10.295399844646454	5.74496909044683	10.296249747276306	3.5670670308172703	10.394953787326813	3.7471353597939014
700	0.07080078125	9.790941499173641	16.91302527487278	2.04016150534153	10.245057463645935	0.606493353843689	9.888809159398079	5.338378405198455	9.894313246011734	3.165130529552698	10.017009995877743	3.3691915683448315
800	0.07659912109375	9.573985032737255	17.14245316386223	2.2695893943309784	10.039698168635368	0.40113405883312225	9.673502795398235	5.123072041198611	9.686146073043346	2.9569633565843105	9.821855127811432	3.1740367002785206
900	0.08660888671875	9.443442411720753	17.307962015271187	2.435098245739937	9.934426262974739	0.295862153172493	9.542473390698433	4.992042636498809	9.572925262153149	2.8437425456941128	9.709009744226933	3.0611913166940212
1000	0.0882568359375	9.358695834875107	17.426897078752518	2.5540333092212677	9.87480192631483	0.2362378165125847	9.458086095750332	4.907655341550708	9.506351672112942	2.777168955653906	9.637649610638618	2.989831183105707
1500	0.1038818359375	9.089068032801151	17.846082910895348	2.9732191413640976	9.855287857353687	0.2167237475514412	9.202081359922886	4.651650605723262	9.377347014844418	2.6481642983853817	9.50659865885973	2.8587802313268185
2000	0.1717529296875	8.679629500955343	17.88441564142704	3.01155187189579	10.100745148956776	0.46218103915452957	8.810903042554855	4.260472288355231	9.26723463088274	2.538051914423704	9.445946648716927	2.7981282211840153
2500	0.19317626953125	8.317192416638136	18.419129237532616	3.5462654680013657	10.741593062877655	1.103028953075409	8.48184109479189	3.931410340592265	9.414860777556896	2.6856780610978603	9.501741074025631	2.8539226464927197
3000	0.23388671875	7.949321690946817	18.818857938051224	3.9459941685199738	11.394941970705986	1.75637786090374	8.164709363132715	3.614278608933091	9.469745725393295	2.7405630089342594	9.616111695766449	2.9682932682335377
3500	0.2584228515625	7.543494012206793	19.234371826052666	4.361508056521416	11.957137569785118	2.318573459982872	7.819347348064184	3.26891659386456	9.48137529194355	2.7521925754845142	9.691019997000694	3.043201569467783
4000	0.278076171875	7.215233109891415	19.581087544560432	4.708223775029182	12.54451508820057	2.905950978398323	7.5560865662992	3.005655812099576	9.563374646008015	2.834191929548979	9.829481989145279	3.1816635616123676
4500	0.295166015625	6.903321176767349	19.89836011826992	5.02549634873867	13.042625829577446	3.4040617197752	7.316523354500532	2.766092600300908	9.645389877259731	2.9162071608006954	9.971248380839825	3.3234299533069134
5000	0.3128662109375	6.595641199499369	20.15414869785309	5.281284928321838	13.573539286851883	3.934975177049637	7.091212932020426	2.5407821778208017	9.786750741302967	3.057568024843931	10.071080647408962	3.423262219876051
5500	0.33148193359375	6.321480892598629	20.359854951500893	5.486991181969643	14.015723578631878	4.377159468829632	6.899639531970024	2.3492087777704	9.941897481679916	3.2127147652208805	10.120655499398708	3.472837071865797
6000	0.34716796875	6.099739853292704	20.583256378769875	5.710392609238625	14.452264405786991	4.813700295984745	6.76583432033658	2.215403566136956	10.093159042298794	3.363976325839758	10.209800191223621	3.56198176369071
6500	0.36334228515625	5.924294870346785	20.83245299756527	5.9595892280340195	14.786092847585678	5.147528737783432	6.69257915392518	2.1421483997255564	10.243401572108269	3.514218855649233	10.336262069642544	3.6884436421096325
7000	0.3739013671875	5.757325574755669	21.124417051672935	6.2515532821416855	15.114181779325008	5.475617669522762	6.627091228961945	2.0766604747623205	10.380940079689026	3.65175736322999	10.434065498411655	3.786247070878744
7500	0.38433837890625	5.623732842504978	21.304752454161644	6.431888684630394	15.401125609874725	5.762561500072479	6.576448854058981	2.026018099859357	10.529467336833477	3.800284620374441	10.52325163781643	3.875433210283518
8000	0.39324951171875	5.505944352596998	21.392453342676163	6.519589573144913	15.62605345249176	5.987489342689514	6.540164362639189	1.9897336084395647	10.625646278262138	3.8964635618031025	10.607814945280552	3.9599965177476406
8500	0.40191650390625	5.399283330887556	21.68100394308567	6.8081401735544205	15.834519043564796	6.19595493376255	6.524770490825176	1.9743397366255522	10.734221041202545	4.005038324743509	10.7063510119915	4.0585325844585896
9000	0.40753173828125	5.315896660089493	21.903326079249382	7.030462309718132	16.05489670485258	6.416332595050335	6.537413869053125	1.9869831148535013	10.86071752011776	4.131534803658724	10.833466790616512	4.185648363083601
9500	0.41436767578125	5.226918876171112	21.90682488679886	7.033961117267609	16.16568411141634	6.527120001614094	6.519392438232899	1.9689616840332747	10.916793808341026	4.18761109188199	10.880810111761093	4.232991684228182
10000	0.41693115234375	5.152920749038458	22.06387287378311	7.191009104251862	16.366919346153736	6.72835523635149	6.525800157338381	1.9753694031387568	11.021961003541946	4.2927782870829105	10.964410826563835	4.316592399030924
11000	0.43255615234375	5.010393666103482	22.333075016736984	7.460211247205734	16.710956007242203	7.072391897439957	6.549468465149403	1.9990377109497786	11.21694453805685	4.487761821597815	11.141365468502045	4.493547040969133
12000	0.43914794921875	4.905192302539945	22.484303548932076	7.6114397794008255	16.872036173939705	7.233472064137459	6.5681181736290455	2.0176874194294214	11.345560811460018	4.616378095000982	11.228874377906322	4.581055950373411
13000	0.45013427734375	4.802852049469948	22.681200191378593	7.8083364218473434	17.051892459392548	7.4133283495903015	6.591298956423998	2.040868202224374	11.46425560861826	4.735072892159224	11.332453697919846	4.684635270386934
14000	0.4547119140625	4.715349288657308	22.896358981728554	8.023495212197304	17.320047348737717	7.681483238935471	6.620812851935625	2.070382097736001	11.61443542689085	4.885252710431814	11.475747555494308	4.827929127961397
15000	0.4615478515625	4.637907560914755	23.023594215512276	8.150730445981026	17.454036697745323	7.815472587943077	6.652965288609266	2.102534534409642	11.737330608069897	5.008147891610861	11.532470062375069	4.884651634842157
16000	0.46685791015625	4.567424913868308	23.15626411139965	8.2834003418684	17.58701841533184	7.948454305529594	6.687285557389259	2.1368548031896353	11.85544716566801	5.126264449208975	11.612652003765106	4.964833576232195
17000	0.47125244140625	4.5042629055678844	23.261133179068565	8.388269409537315	17.781818062067032	8.143253952264786	6.708207096904516	2.157776342704892	11.922917060554028	5.193734344094992	11.732362695038319	5.084544267505407
18000	0.4766845703125	4.44685772061348	23.37349048256874	8.50062671303749	17.895256340503693	8.256692230701447	6.738050602376461	2.187619848176837	12.012409277260303	5.283226560801268	11.803365342319012	5.1555469147861
19000	0.47967529296875	4.399971652776003	23.48837321996689	8.615509450435638	17.959408298134804	8.320844188332558	6.779471158981323	2.229040404781699	12.07713758200407	5.347954865545034	11.881220288574696	5.233401861041784
20000	0.48394775390625	4.347521962597966	23.609397009015083	8.736533239483833	18.11334139108658	8.474777281284332	6.796818427741528	2.2463876735419035	12.16098639369011	5.431803677231073	11.95893195271492	5.311113525182009
21000	0.487548828125	4.306438382714987	23.68331553041935	8.8104517608881	18.20785291492939	8.569288805127144	6.837716735899448	2.2872859816998243	12.263546891510487	5.534364175051451	12.01807625591755	5.370257828384638
22000	0.4912109375	4.264341507107019	23.74470467865467	8.87184090912342	18.296231284737587	8.65766717493534	6.846034519374371	2.2956037651747465	12.274938516318798	5.545755799859762	12.086684793233871	5.43886636570096
23000	0.49371337890625	4.222763458266854	23.849672451615334	8.976808682084084	18.426496639847755	8.78793253004551	6.885853089392185	2.335422335192561	12.376325502991676	5.6471427865326405	12.14694744348526	5.499129015952349
24000	0.4962158203125	4.189105955883861	23.855444386601448	8.982580617070198	18.39211730659008	8.753553196787834	6.911557458341122	2.3611267041414976	12.418911576271057	5.689728859812021	12.153775423765182	5.505956996232271
25000	0.50079345703125	4.154865805059671	23.976674616336823	9.103810846805573	18.572003960609436	8.93343985080719	6.919395685195923	2.368964930996299	12.48422759026289	5.755044873803854	12.233347468078136	5.585529040545225
26000	0.5028076171875	4.126984948292375	24.053312480449677	9.180448710918427	18.625531136989594	8.986967027187347	6.958026543259621	2.4075957890599966	12.561709754168987	5.832527037709951	12.27305018901825	5.625231761485338
27000	0.50738525390625	4.093356227502227	24.20866158604622	9.335797816514969	18.704042375087738	9.065478265285492	6.989256136119366	2.4388253819197416	12.61833806335926	5.889155346900225	12.34277705103159	5.694958623498678
28000	0.509521484375	4.06292506493628	24.086513802409172	9.213650032877922	18.731346145272255	9.092782035470009	6.9896764643490314	2.4392457101494074	12.627869710326195	5.898686993867159	12.354412034153938	5.706593606621027
29000	0.50885009765625	4.044601354748011	24.253037944436073	9.380174174904823	18.78632539510727	9.147761285305023	7.023096766322851	2.472666012123227	12.701901473104954	5.972718756645918	12.397968493402004	5.750150065869093
30000	0.51226806640625	4.0120874512940645	24.254309937357903	9.381446167826653	18.828724041581154	9.190159931778908	7.038469787687063	2.488039033487439	12.733451694250107	6.004268977791071	12.44487053155899	5.797052104026079
31000	0.51422119140625	3.986479664221406	24.234521612524986	9.361657842993736	18.88686130940914	9.248297199606895	7.05585864931345	2.505427895113826	12.766339935362339	6.037157218903303	12.462904512882233	5.815086085349321
32000	0.5137939453125	3.964242475107312	24.405948281288147	9.533084511756897	19.027380511164665	9.38881640136242	7.067248340696096	2.5168175864964724	12.83011169731617	6.100928980857134	12.53427703678608	5.886458609253168
33000	0.5157470703125	3.941634876653552	24.35239739716053	9.47953362762928	19.02471950650215	9.386155396699905	7.090731576085091	2.5403008218854666	12.86618772894144	6.137005012482405	12.558443233370781	5.91062480583787
34000	0.517333984375	3.9191456977277994	24.429385498166084	9.556521728634834	19.113685101270676	9.47512099146843	7.114044368267059	2.5636136140674353	12.905003882944584	6.175821166485548	12.605972118675709	5.9581536911427975
35000	0.5172119140625	3.9047328159213066	24.490693420171738	9.617829650640488	19.161373674869537	9.522809565067291	7.124718427658081	2.574287673458457	12.935640804469585	6.2064580880105495	12.64352948218584	5.995711054652929
36000	0.52130126953125	3.88248036429286	24.51388429105282	9.641020521521568	19.213521644473076	9.57495753467083	7.1497843116521835	2.5993535574525595	12.969924055039883	6.240741338580847	12.696712031960487	6.048893604427576
37000	0.520751953125	3.8633610885590315	24.49094171822071	9.61807794868946	19.21037071943283	9.571806609630585	7.147576961666346	2.5971462074667215	12.949027359485626	6.21984464302659	12.709103338420391	6.06128491088748
38000	0.52374267578125	3.843006005510688	24.579334750771523	9.706470981240273	19.29568925499916	9.657125145196915	7.170546852052212	2.6201160978525877	13.019175626337528	6.289992909878492	12.761239297688007	6.113420870155096
39000	0.527099609375	3.82972314953804	24.595282793045044	9.722419023513794	19.284910142421722	9.646346032619476	7.184104550629854	2.63367379643023	13.045146130025387	6.315963413566351	12.747036769986153	6.099218342453241
40000	0.52618408203125	3.812030553817749	24.68652532994747	9.813661560416222	19.399072244763374	9.760508134961128	7.2154882326722145	2.6650574784725904	13.106819123029709	6.377636406570673	12.817638576030731	6.16982014849782
41000	0.52655029296875	3.798828123137355	24.670077174901962	9.797213405370712	19.396151795983315	9.757587686181068	7.223755836486816	2.6733250822871923	13.126365013420582	6.397182296961546	12.814740784466267	6.166922356933355
42000	0.5279541015625	3.777543181553483	24.733632266521454	9.860768496990204	19.490588262677193	9.852024152874947	7.243301972746849	2.692871218547225	13.193855725228786	6.464673008769751	12.861180953681469	6.213362526148558
43000	0.53057861328125	3.762262972071767	24.720147147774696	9.847283378243446	19.449670121073723	9.811106011271477	7.24802190810442	2.6975911539047956	13.186263963580132	6.457081247121096	12.838633097708225	6.190814670175314
44000	0.529296875	3.753557352349162	24.79683092236519	9.923967152833939	19.480671033263206	9.84210692346096	7.270740073174238	2.720309318974614	13.236717961728573	6.507535245269537	12.869939967989922	6.22212154045701
45000	0.53167724609375	3.732372473925352	24.725683003664017	9.852819234132767	19.549161106348038	9.910596996545792	7.2649945095181465	2.7145637553185225	13.229651555418968	6.500468838959932	12.93118517845869	6.283366750925779
46000	0.53173828125	3.7255719918757677	24.801290035247803	9.928426265716553	19.53588391840458	9.897319808602333	7.29679087549448	2.746360121294856	13.295613266527653	6.566430550068617	12.903902895748615	6.256084468215704
47000	0.53558349609375	3.7043096106499434	24.88639736175537	10.013533592224121	19.616633594036102	9.978069484233856	7.299002107232809	2.748571353033185	13.283085517585278	6.553902801126242	12.993052311241627	6.345233883708715
48000	0.535888671875	3.692625952884555	24.879033088684082	10.006169319152832	19.654906541109085	10.016342431306839	7.311775796115398	2.7613450419157743	13.33839563280344	6.609212916344404	12.984514251351357	6.336695823818445
49000	0.5361328125	3.681680466979742	24.890313178300858	10.017449408769608	19.634344696998596	9.99578058719635	7.320852342993021	2.770421588793397	13.34134754538536	6.612164828926325	12.987457975745201	6.33963954821229
50000	0.5382080078125	3.6714389733970165	24.811550587415695	9.938686817884445	19.66590030491352	10.027336195111275	7.335553076118231	2.7851223219186068	13.363568507134914	6.6343857906758785	13.011417970061302	6.363599542528391
51000	0.53753662109375	3.6614643651992083	24.906916111707687	10.034052342176437	19.6281416118145	9.989577502012253	7.351016625761986	2.8005858715623617	13.39559107273817	6.666408356279135	12.983689479529858	6.335871051996946
52000	0.54034423828125	3.6457863952964544	24.969445899128914	10.096582129597664	19.748895213007927	10.11033110320568	7.356692228466272	2.8062614742666483	13.43648599088192	6.707303274422884	13.059343867003918	6.411525439471006
53000	0.5406494140625	3.6334239784628153	24.992580875754356	10.119717106223106	19.81295259296894	10.174388483166695	7.377734560519457	2.827303806319833	13.474320404231548	6.745137687772512	13.100610792636871	6.45279236510396
54000	0.5418701171875	3.621936395764351	24.987020701169968	10.114156931638718	19.769885882735252	10.131321772933006	7.374023847281933	2.8235930930823088	13.425936132669449	6.696753416210413	13.091230630874634	6.4434122033417225
55000	0.53912353515625	3.616473887115717	24.956127285957336	10.083263516426086	19.792175516486168	10.153611406683922	7.385914504528046	2.8354837503284216	13.444344729185104	6.7151620127260685	13.129682458937168	6.481864031404257
56000	0.54205322265625	3.605313455685973	25.0324227809906	10.15955901145935	19.82465960085392	10.186095491051674	7.402741342782974	2.85231058858335	13.490560300648212	6.761377584189177	13.133153326809406	6.485334899276495
57000	0.54376220703125	3.5946091767400503	25.09280839562416	10.21994462609291	19.838623017072678	10.200058907270432	7.4175676219165325	2.8671368677169085	13.531662963330746	6.80248024687171	13.137100227177143	6.489281799644232
58000	0.545166015625	3.580588137730956	25.08296975493431	10.210105985403061	19.864019364118576	10.22545525431633	7.42509263753891	2.874661883339286	13.525471895933151	6.796289179474115	13.167601309716702	6.51978288218379
59000	0.54437255859375	3.5726440250873566	25.110942736268044	10.238078966736794	19.90488091111183	10.266316801309586	7.420747842639685	2.8703170884400606	13.541812293231487	6.812629576772451	13.186620876193047	6.538802448660135
60000	0.54522705078125	3.564921285957098	25.10514099895954	10.232277229428291	19.904497042298317	10.26593293249607	7.419323567301035	2.868892813101411	13.540447056293488	6.811264339834452	13.184578202664852	6.536759775131941
61000	0.5477294921875	3.5510289631783962	25.122262805700302	10.249399036169052	19.932345166802406	10.29378105700016	7.436984546482563	2.886553792282939	13.57323607802391	6.844053361564875	13.207014694809914	6.559196267277002
62000	0.5484619140625	3.54775008931756	25.1368221193552	10.263958349823952	19.924152463674545	10.2855883538723	7.458524849265814	2.9080940950661898	13.599161311984062	6.869978595525026	13.198797576129436	6.550979148596525
63000	0.548828125	3.5385007429867983	25.17929568886757	10.306431919336319	19.992038384079933	10.353474274277687	7.46592952311039	2.9154987689107656	13.63141543418169	6.902232717722654	13.243636429309845	6.595818001776934
64000	0.5498046875	3.532199200242758	25.175350859761238	10.302487090229988	19.96679876744747	10.328234657645226	7.4679140485823154	2.9174832943826914	13.59739700704813	6.868214290589094	13.243273600935936	6.595455173403025
65000	0.5491943359375	3.5204114764928818	25.157191023230553	10.284327253699303	19.977057695388794	10.338493585586548	7.473459456115961	2.923028701916337	13.633281946182251	6.904099229723215	13.241269946098328	6.593451518565416
66000	0.54962158203125	3.511654853820801	25.187389343976974	10.314525574445724	20.048219576478004	10.409655466675758	7.4914100877940655	2.9409793335944414	13.673392705619335	6.944209989160299	13.286656089127064	6.6388376615941525
67000	0.54998779296875	3.5104256812483072	25.221001625061035	10.348137855529785	20.095206022262573	10.456641912460327	7.508565183728933	2.9581344295293093	13.71973616629839	6.990553449839354	13.316844955086708	6.669026527553797
68000	0.55126953125	3.4995916318148375	25.222230330109596	10.349366560578346	20.046451449394226	10.40788733959198	7.49966748803854	2.949236733838916	13.66819541156292	6.939012695103884	13.314624652266502	6.666806224733591
69000	0.5496826171875	3.492878695949912	25.28104667365551	10.40818290412426	20.065217420458794	10.426653310656548	7.5190068781375885	2.9685761239379644	13.72176580131054	6.992583084851503	13.313523948192596	6.665705520659685
70000	0.5537109375	3.4835949931293726	25.263143330812454	10.390279561281204	20.118786990642548	10.480222880840302	7.51152216270566	2.961091408506036	13.73415245115757	7.004969734698534	13.337965182960033	6.690146755427122
71000	0.55377197265625	3.4776146672666073	25.26674011349678	10.39387634396553	20.096103847026825	10.457539737224579	7.519107203930616	2.9686764497309923	13.716272622346878	6.987089905887842	13.344123490154743	6.696305062621832
72000	0.55413818359375	3.4687988981604576	25.285593450069427	10.412729680538177	20.16005313396454	10.521489024162292	7.539739951491356	2.989309197291732	13.757888235151768	7.028705518692732	13.374247275292873	6.726428847759962
73000	0.556884765625	3.4607556127011776	25.23733165860176	10.36446788907051	20.102944180369377	10.464380070567131	7.529132824391127	2.9787020701915026	13.73668685555458	7.007504139095545	13.340189844369888	6.692371416836977
74000	0.556640625	3.451869260519743	25.316814988851547	10.443951219320297	20.160739600658417	10.52217549085617	7.550891872495413	3.0004611182957888	13.773405708372593	7.044222991913557	13.39910002052784	6.751281592994928
75000	0.55596923828125	3.444146180525422	25.286396354436874	10.413532584905624	20.173220217227936	10.53465610742569	7.541946690529585	2.991515936329961	13.780523486435413	7.0513407699763775	13.381045632064342	6.733227204531431
76000	0.55621337890625	3.4407188668847084	25.29854916036129	10.42568539083004	20.14525842666626	10.506694316864014	7.552134297788143	3.001703543588519	13.77022048830986	7.041037771850824	13.38297688961029	6.735158462077379
77000	0.55670166015625	3.4380068331956863	25.383262023329735	10.510398253798485	20.148382425308228	10.509818315505981	7.5852352529764175	3.0348044987767935	13.840744689106941	7.111561972647905	13.379490099847317	6.731671672314405
78000	0.55706787109375	3.430164083838463	25.31872233748436	10.44585856795311	20.178929299116135	10.540365189313889	7.570583738386631	3.020152984187007	13.817495658993721	7.088312942534685	13.400170236825943	6.752351809293032
79000	0.5592041015625	3.4205762539058924	25.323190852999687	10.450327083468437	20.229058817029	10.590494707226753	7.572924379259348	3.022493625059724	13.83006987720728	7.100887160748243	13.430221997201443	6.782403569668531
80000	0.558349609375	3.4145198091864586	25.351394578814507	10.478530809283257	20.24916097521782	10.610596865415573	7.576821967959404	3.02639121375978	13.830682471394539	7.101499754935503	13.448972374200821	6.80115394666791
81000	0.55767822265625	3.4105784837156534	25.31996877491474	10.447105005383492	20.225743532180786	10.58717942237854	7.581639911979437	3.031209157779813	13.82240354269743	7.093220826238394	13.452120281755924	6.804301854223013
82000	0.558349609375	3.40113415569067	25.396562188863754	10.523698419332504	20.314978167414665	10.67641405761242	7.604345131665468	3.053914377465844	13.88359048217535	7.154407765716314	13.5136524066329	6.865833979099989
83000	0.56103515625	3.3996725790202618	25.397537171840668	10.524673402309418	20.299967870116234	10.661403760313988	7.599159866571426	3.0487291123718023	13.882847368717194	7.153664652258158	13.475051544606686	6.827233117073774
84000	0.56072998046875	3.387205231934786	25.448881566524506	10.576017796993256	20.32188430428505	10.683320194482803	7.623475633561611	3.073044879361987	13.90532461553812	7.176141899079084	13.516350604593754	6.8685321770608425
85000	0.55914306640625	3.3826638404279947	25.409532517194748	10.536668747663498	20.310050889849663	10.671486780047417	7.605454985052347	3.055024230852723	13.899143569171429	7.169960852712393	13.485232062637806	6.837413635104895
86000	0.5623779296875	3.3817650079727173	25.401146918535233	10.528283149003983	20.322848573327065	10.684284463524818	7.618748228996992	3.068317474797368	13.909079171717167	7.179896455258131	13.501047864556313	6.853229437023401
87000	0.56317138671875	3.3763957135379314	25.453838378190994	10.580974608659744	20.368899822235107	10.730335712432861	7.641426604241133	3.0909958500415087	13.954026572406292	7.224843855947256	13.540572427213192	6.892753999680281
88000	0.56256103515625	3.37512394413352	25.506176605820656	10.633312836289406	20.316254556179047	10.6776904463768	7.65676362067461	3.106332866474986	13.972470939159393	7.243288222700357	13.505647718906403	6.857829291373491
89000	0.56427001953125	3.3638993706554174	25.382609218358994	10.509745448827744	20.32749566435814	10.688931554555893	7.625173129141331	3.0747423749417067	13.91727988421917	7.188097167760134	13.526569418609142	6.878750991076231
90000	0.56402587890625	3.3596221022307873	25.43356542289257	10.56070165336132	20.380692720413208	10.742128610610962	7.63392648100853	3.0834957268089056	13.938294686377048	7.209111969918013	13.553134016692638	6.905315589159727
91000	0.563720703125	3.3512158673256636	25.47693160176277	10.604067832231522	20.394418820738792	10.755854710936546	7.64256003126502	3.0921292770653963	13.950688667595387	7.221505951136351	13.561219274997711	6.9134008474648
92000	0.5655517578125	3.350899739190936	25.53564101457596	10.662777245044708	20.43243905901909	10.793874949216843	7.666671294718981	3.1162405405193567	14.014778532087803	7.285595815628767	13.585530400276184	6.937711972743273
93000	0.56695556640625	3.3440346382558346	25.496807143092155	10.623943373560905	20.40042671561241	10.761862605810165	7.664531785994768	3.114101031795144	13.979912303388119	7.250729586929083	13.580827817320824	6.933009389787912
94000	0.56787109375	3.341600878164172	25.495585545897484	10.622721776366234	20.39019414782524	10.751630038022995	7.668588321655989	3.1181575674563646	14.00657183676958	7.277389120310545	13.548621229827404	6.900802802294493
95000	0.56488037109375	3.335066843777895	25.513014376163483	10.640150606632233	20.406164318323135	10.76760020852089	7.670804996043444	3.1203742418438196	13.983946487307549	7.254763770848513	13.58648993819952	6.938671510666609
96000	0.56658935546875	3.328345464542508	25.514931485056877	10.642067715525627	20.434052601456642	10.795488491654396	7.684810325503349	3.1343795713037252	14.01710719615221	7.287924479693174	13.60550582408905	6.957687396556139
97000	0.56842041015625	3.321043698117137	25.487765312194824	10.614901542663574	20.41635252535343	10.777788415551186	7.680860921740532	3.130430167540908	14.021671049296856	7.29248833283782	13.583829641342163	6.936011213809252
98000	0.56842041015625	3.3174136374145746	25.52385750412941	10.65099373459816	20.494391933083534	10.855827823281288	7.689126789569855	3.1386960353702307	14.067711003124714	7.338528286665678	13.61457872390747	6.966760296374559
99000	0.56982421875	3.314552169293165	25.52177368104458	10.648909911513329	20.473874539136887	10.83531042933464	7.6949766241014	3.1445458699017763	14.050784476101398	7.321601759642363	13.630177393555641	6.98235896602273
100000	0.57012939453125	3.311257168650627	25.57082200050354	10.69795823097229	20.478163599967957	10.83959949016571	7.6998669244349	3.1494361702352762	14.05971197038889	7.330529253929853	13.634172670543194	6.9863542430102825
110000	0.57110595703125	3.2717389594763517	25.618373602628708	10.745509833097458	20.584164261817932	10.945600152015686	7.743050534278154	3.1926197800785303	14.143907360732555	7.4147246442735195	13.722656108438969	7.074837680906057
120000	0.57720947265625	3.2386490162461996	25.64974682033062	10.77688305079937	20.63992351293564	11.001359403133392	7.784124132245779	3.233693378046155	14.218884088099003	7.489701371639967	13.760027267038822	7.112208839505911
130000	0.58111572265625	3.2009962424635887	25.678647503256798	10.805783733725548	20.705003932118416	11.06643982231617	7.819072712212801	3.268641958013177	14.258568115532398	7.529385399073362	13.823862574994564	7.176044147461653
140000	0.58123779296875	3.170818345621228	25.775128722190857	10.902264952659607	20.765466049313545	11.1269019395113	7.848231442272663	3.297800688073039	14.311873406171799	7.582690689712763	13.883269056677818	7.235450629144907
150000	0.58349609375	3.1487015802413225	25.831667691469193	10.958803921937943	20.868930280208588	11.230366170406342	7.879933267831802	3.3295025136321783	14.393290542066097	7.664107825607061	13.953678600490093	7.305860172957182
160000	0.58795166015625	3.124115414917469	25.86501069366932	10.99214692413807	20.882351756095886	11.24378764629364	7.9063604064285755	3.3559296522289515	14.42485661059618	7.695673894137144	13.978737317025661	7.33091888949275
170000	0.58819580078125	3.106349103152752	25.8684354275465	10.995571658015251	20.90035893023014	11.261794820427895	7.918975010514259	3.3685442563146353	14.452091671526432	7.722908955067396	13.998829118907452	7.35101069137454
180000	0.59130859375	3.0849118642508984	25.896089375019073	11.023225605487823	20.97528040409088	11.336716294288635	7.952035315334797	3.401604561135173	14.500524051487446	7.77134133502841	14.05662139505148	7.408802967518568
190000	0.59722900390625	3.0644107311964035	25.91969569027424	11.046831920742989	21.008271381258965	11.369707271456718	7.974073804914951	3.4236430507153273	14.537694282829762	7.808511566370726	14.075858056545258	7.428039629012346
200000	0.59393310546875	3.0474651604890823	26.00016914308071	11.127305373549461	21.07831084728241	11.439746737480164	8.011651914566755	3.4612211603671312	14.61511904746294	7.885936331003904	14.13647035509348	7.488651927560568
210000	0.59674072265625	3.036261558532715	25.96892212331295	11.0960583537817	21.0745712518692	11.436007142066956	8.009692043066025	3.4592612888664007	14.60465445369482	7.8754717372357845	14.13868896663189	7.490870539098978
220000	0.59710693359375	3.0247409641742706	26.027437016367912	11.154573246836662	21.100083023309708	11.461518913507462	8.029433779418468	3.4790030252188444	14.620160035789013	7.890977319329977	14.176666304469109	7.528847876936197
230000	0.59942626953125	3.0097873862832785	26.053756028413773	11.180892258882523	21.158252865076065	11.519688755273819	8.061969209462404	3.51153845526278	14.688346862792969	7.959164146333933	14.22511338442564	7.577294956892729
240000	0.6005859375	2.996697435155511	26.02102692425251	11.14816315472126	21.15397872030735	11.515414610505104	8.065353196114302	3.5149224419146776	14.699016205966473	7.969833489507437	14.20736663788557	7.559548210352659
250000	0.59991455078125	2.986104929819703	26.04158553481102	11.16872176527977	21.209599018096924	11.571034908294678	8.091051667928696	3.5406209137290716	14.714413329958916	7.98523061349988	14.276280477643013	7.628462050110102
260000	0.6007080078125	2.9707580599933863	26.1037487834692	11.23088501393795	21.23599325120449	11.597429141402245	8.105429973453283	3.5549992192536592	14.76458065956831	8.035397943109274	14.287014536559582	7.6391961090266705
270000	0.6038818359375	2.9656378123909235	26.09636862576008	11.223504856228828	21.259013518691063	11.620449408888817	8.119818642735481	3.569387888535857	14.786375477910042	8.057192761451006	14.307073049247265	7.659254621714354
280000	0.60333251953125	2.953784404322505	26.109752416610718	11.236888647079468	21.2740471214056	11.635483011603355	8.131998505443335	3.5815677512437105	14.791834570467472	8.062651854008436	14.337969094514847	7.6901506669819355
290000	0.60418701171875	2.946714486926794	26.072959199547768	11.200095430016518	21.283959195017815	11.645395085215569	8.133566848933697	3.5831360947340727	14.79977261275053	8.070589896291494	14.339612267911434	7.691793840378523
300000	0.6044921875	2.9351472761482	26.14337070286274	11.27050693333149	21.317330300807953	11.678766191005707	8.166043248027563	3.615612493827939	14.846587240695953	8.117404524236917	14.370531976222992	7.722713548690081
310000	0.60565185546875	2.9269186183810234	26.137676239013672	11.264812469482422	21.33074350655079	11.692179396748543	8.167460214346647	3.617029460147023	14.853074185550213	8.123891469091177	14.393188215792179	7.745369788259268
320000	0.607666015625	2.9222598038613796	26.176819801330566	11.303956031799316	21.374843895435333	11.736279785633087	8.194258619099855	3.6438278649002314	14.902667716145515	8.17348499968648	14.417803302407265	7.769984874874353
330000	0.6090087890625	2.911488525569439	26.138377279043198	11.265513509511948	21.371102795004845	11.732538685202599	8.192028146237135	3.641597392037511	14.896287336945534	8.167104620486498	14.415305137634277	7.767486710101366
340000	0.60821533203125	2.908277278766036	26.214171767234802	11.341307997703552	21.422348454594612	11.783784344792366	8.212458480149508	3.6620277259498835	14.930795937776566	8.20161322131753	14.466844730079174	7.819026302546263
350000	0.609130859375	2.9005324132740498	26.20606867969036	11.333204910159111	21.433050498366356	11.79448638856411	8.215834196656942	3.6654034424573183	14.944722481071949	8.215539764612913	14.472358375787735	7.824539948254824
360000	0.60992431640625	2.894935008138418	26.19606088101864	11.323197111487389	21.41224578022957	11.773681670427322	8.213701911270618	3.6632711570709944	14.93063858896494	8.201455872505903	14.466179974377155	7.818361546844244
370000	0.608154296875	2.8915108740329742	26.21733522415161	11.344471454620361	21.417417988181114	11.778853878378868	8.226434037089348	3.6760032828897238	14.952331282198429	8.223148565739393	14.477627009153366	7.829808581620455
380000	0.611328125	2.8846948985010386	26.211497858166695	11.338634088635445	21.449447736144066	11.81088362634182	8.237132970243692	3.6867022160440683	14.970732182264328	8.241549465805292	14.497643515467644	7.849825087934732
390000	0.61260986328125	2.874496065080166	26.231171399354935	11.358307629823685	21.45816171169281	11.819597601890564	8.246044974774122	3.695614220574498	14.972805850207806	8.24362313374877	14.50463818013668	7.856819752603769
400000	0.61279296875	2.868254840373993	26.261915415525436	11.389051645994186	21.496271640062332	11.857707530260086	8.265582777559757	3.715152023360133	15.024695940315723	8.295513223856688	14.529687389731407	7.881868962198496
410000	0.61297607421875	2.864259595051408	26.23473931849003	11.361875548958778	21.47904108464718	11.840476974844933	8.255614191293716	3.7051834370940924	15.003874741494656	8.27469202503562	14.521631009876728	7.873812582343817
420000	0.61395263671875	2.8625823222100735	26.27951093018055	11.4066471606493	21.48639951646328	11.847835406661034	8.269499573856592	3.719068819656968	15.005170322954655	8.275987606495619	14.541550569236279	7.893732141703367
430000	0.61480712890625	2.8558737859129906	26.27680292725563	11.40393915772438	21.51013520359993	11.871571093797684	8.286250829696655	3.735820075497031	15.044308051466942	8.315125335007906	14.562289141118526	7.914470713585615
440000	0.61376953125	2.85058974288404	26.240257278084755	11.367393508553505	21.500742584466934	11.862178474664688	8.276932429522276	3.726501675322652	15.0326342061162	8.303451489657164	14.545786641538143	7.897968214005232
450000	0.6131591796875	2.846684942021966	26.25713248550892	11.384268715977669	21.525794938206673	11.887230828404427	8.294563088566065	3.7441323343664408	15.035202398896217	8.306019682437181	14.58236937969923	7.934550952166319
460000	0.61370849609375	2.838504910469055	26.305878296494484	11.433014526963234	21.545222833752632	11.906658723950386	8.303725957870483	3.7532952036708593	15.076802872121334	8.347620155662298	14.58787640184164	7.940057974308729
470000	0.61614990234375	2.8390357103198767	26.281788006424904	11.408924236893654	21.553764432668686	11.91520032286644	8.306756816804409	3.756326062604785	15.080273225903511	8.351090509444475	14.59388342499733	7.946064997464418
480000	0.6151123046875	2.8347245156764984	26.291362658143044	11.418498888611794	21.562257885932922	11.923693776130676	8.316447664052248	3.766016909852624	15.083978354930878	8.354795638471842	14.61681429296732	7.968995865434408
490000	0.61456298828125	2.8312134966254234	26.26315538585186	11.39029161632061	21.56222926080227	11.923665151000023	8.311397295445204	3.7609665412455797	15.085533760488033	8.356351044028997	14.602377958595753	7.954559531062841
500000	0.6146240234375	2.8259082064032555	26.311848655343056	11.438984885811806	21.587039291858673	11.948475182056427	8.33628984540701	3.785859091207385	15.120026335120201	8.390843618661165	14.630022093653679	7.982203666120768
510000	0.61700439453125	2.820633491501212	26.29355326294899	11.42068949341774	21.579809203743935	11.941245093941689	8.33137447759509	3.780943723395467	15.109110474586487	8.379927758127451	14.631483547389507	7.983665119856596
520000	0.615966796875	2.823780467733741	26.328594908118248	11.455731138586998	21.61100499331951	11.972440883517265	8.348467074334621	3.7980363201349974	15.147132232785225	8.417949516326189	14.649838492274284	8.002020064741373
530000	0.61627197265625	2.8148657977581024	26.298697233200073	11.425833463668823	21.596892535686493	11.958328425884247	8.340386848896742	3.789956094697118	15.128538064658642	8.399355348199606	14.642664216458797	7.994845788925886
540000	0.6168212890625	2.8153020180761814	26.350970894098282	11.478107124567032	21.640969768166542	12.002405658364296	8.358307864516973	3.8078771103173494	15.158597633242607	8.429414916783571	14.682296589016914	8.034478161484003
550000	0.61688232421875	2.8128704242408276	26.341607451438904	11.468743681907654	21.62981142103672	11.991247311234474	8.351940788328648	3.8015100341290236	15.15743950754404	8.428256791085005	14.667881935834885	8.020063508301973
560000	0.61810302734375	2.8105229381471872	26.325523987412453	11.452660217881203	21.608868569135666	11.97030445933342	8.347636546939611	3.7972057927399874	15.14803697168827	8.418854255229235	14.652136899530888	8.004318471997976
570000	0.61871337890625	2.8096755985170603	26.34392276406288	11.471058994531631	21.614537328481674	11.975973218679428	8.361141793429852	3.8107110392302275	15.168052710592747	8.43886999413371	14.668304473161697	8.020486045628786
580000	0.6180419921875	2.806028790771961	26.33663074672222	11.463766977190971	21.644628912210464	12.006064802408218	8.366074550896883	3.815643796697259	15.174737431108952	8.445554714649916	14.691833145916462	8.04401471838355
590000	0.62054443359375	2.8008457589894533	26.34721353650093	11.47434976696968	21.64081597328186	12.002251863479614	8.366856429725885	3.8164256755262613	15.177464738488197	8.448282022029161	14.679524905979633	8.031706478446722
600000	0.61865234375	2.7959690652787685	26.36297409236431	11.490110322833061	21.664419904351234	12.025855794548988	8.379802282899618	3.829371528699994	15.206837810575962	8.477655094116926	14.699740402400494	8.051921974867582
610000	0.6199951171875	2.7937221359461546	26.34785622358322	11.474992454051971	21.65666264295578	12.018098533153534	8.375976495444775	3.8255457412451506	15.194152526557446	8.46496981009841	14.697997778654099	8.050179351121187
620000	0.619140625	2.794502397067845	26.36215130984783	11.489287540316582	21.643111795186996	12.00454768538475	8.376212760806084	3.8257820066064596	15.183840222656727	8.454657506197691	14.695654764771461	8.04783633723855
630000	0.61907958984375	2.790954165160656	26.35662829875946	11.48376452922821	21.663986653089523	12.025422543287277	8.39008854702115	3.8396577928215265	15.212794557213783	8.483611840754747	14.711409844458103	8.063591416925192
640000	0.6197509765625	2.790193951688707	26.34268879890442	11.469825029373169	21.672466427087784	12.033902317285538	8.385388694703579	3.834957940503955	15.214228197932243	8.485045481473207	14.709253877401352	8.06143544986844
650000	0.618896484375	2.78666827455163	26.34753131866455	11.4746675491333	21.67429329454899	12.035729184746742	8.391607016324997	3.841176262125373	15.205169759690762	8.475987043231726	14.725673727691174	8.077855300158262
660000	0.61962890625	2.7825730964541435	26.392814591526985	11.519950821995735	21.68813705444336	12.049572944641113	8.398057259619236	3.847626505419612	15.23130814731121	8.502125430852175	14.729075878858566	8.081257451325655
670000	0.619873046875	2.7852925583720207	26.373428836464882	11.500565066933632	21.701862022280693	12.063297912478447	8.4044144526124	3.853983698412776	15.239799425005913	8.510616708546877	14.74219623208046	8.094377804547548
680000	0.61810302734375	2.7813140666112304	26.372326850891113	11.499463081359863	21.696760818362236	12.05819670855999	8.407695662230253	3.857264908030629	15.238336957991123	8.509154241532087	14.74673392623663	8.098915498703718
690000	0.61944580078125	2.7800609953701496	26.355263739824295	11.482399970293045	21.696077689528465	12.05751357972622	8.404231555759907	3.8538008015602827	15.235023595392704	8.505840878933668	14.73842953890562	8.09061111137271
700000	0.61920166015625	2.777620255947113	26.37943769991398	11.506573930382729	21.710819706320763	12.072255596518517	8.417848963290453	3.867418209090829	15.253738343715668	8.524555627256632	14.758879870176315	8.111061442643404
710000	0.6199951171875	2.7750354539602995	26.362207382917404	11.489343613386154	21.703142777085304	12.064578667283058	8.414655935019255	3.8642251808196306	15.245893523097038	8.516710806638002	14.758312046527863	8.110493618994951
720000	0.6202392578125	2.7768910508602858	26.39685522019863	11.523991450667381	21.735936775803566	12.09737266600132	8.431568916887045	3.881138162687421	15.280972845852375	8.55179012939334	14.778992541134357	8.131174113601446
730000	0.62030029296875	2.771783262491226	26.381009712815285	11.508145943284035	21.722505524754524	12.083941414952278	8.424635130912066	3.8742043767124414	15.26270104944706	8.533518332988024	14.773614466190338	8.125796038657427
740000	0.61993408203125	2.772663646377623	26.40593883395195	11.5330750644207	21.746663808822632	12.108099699020386	8.432073500007391	3.881642745807767	15.283832713961601	8.554649997502565	14.793930552899837	8.146112125366926
750000	0.62091064453125	2.769705444574356	26.39677596092224	11.523912191390991	21.730632960796356	12.09206885099411	8.422397311776876	3.8719665575772524	15.269247978925705	8.540065262466669	14.77796097099781	8.130142543464899
760000	0.6204833984375	2.769380402751267	26.379572555422783	11.506708785891533	21.718066096305847	12.079501986503601	8.41814237833023	3.8677116241306067	15.26059165596962	8.531408939510584	14.766530737280846	8.118712309747934
770000	0.62103271484375	2.768903008662164	26.403886377811432	11.531022608280182	21.72451888024807	12.085954770445824	8.43031743913889	3.8798866849392653	15.280275881290436	8.5510931648314	14.779632613062859	8.131814185529947
780000	0.619873046875	2.7678387500345707	26.384742185473442	11.511878415942192	21.739375099539757	12.10081098973751	8.432001516222954	3.8815707620233297	15.27670168876648	8.547518972307444	14.79535461962223	8.14753619208932
790000	0.62152099609375	2.7634142264723778	26.402606040239334	11.529742270708084	21.744532868266106	12.10596875846386	8.433530807495117	3.883100053295493	15.282646737992764	8.553464021533728	14.791918396949768	8.144099969416857
800000	0.62158203125	2.762459590099752	26.40960632264614	11.536742553114891	21.751789554953575	12.113225445151329	8.438649948686361	3.8882191944867373	15.293398462235928	8.564215745776892	14.799096666276455	8.151278238743544
810000	0.6220703125	2.760027808137238	26.387697279453278	11.514833509922028	21.73923335969448	12.100669249892235	8.433141309767962	3.8827105555683374	15.279105566442013	8.549922849982977	14.788895979523659	8.141077551990747
820000	0.6224365234375	2.7593499198555946	26.392405822873116	11.519542053341866	21.732819437980652	12.094255328178406	8.43320219218731	3.882771437987685	15.277563653886318	8.548380937427282	14.787180967628956	8.139362540096045
830000	0.622314453125	2.757723232731223	26.40200926363468	11.529145494103432	21.751965075731277	12.113400965929031	8.444447755813599	3.8940170016139746	15.300122991204262	8.570940274745226	14.8003608584404	8.152542430907488
840000	0.6229248046875	2.7576170852407813	26.38757298886776	11.51470921933651	21.745193168520927	12.106629058718681	8.436198383569717	3.8857676293700933	15.290084294974804	8.560901578515768	14.792736075818539	8.144917648285627
850000	0.62200927734375	2.755436743609607	26.400542229413986	11.527678459882736	21.76064595580101	12.122081845998764	8.447408840060234	3.89697808586061	15.30000926554203	8.570826549082994	14.810995042324066	8.163176614791155
860000	0.62152099609375	2.7546636471524835	26.415307864546776	11.542444095015526	21.7569712549448	12.118407145142555	8.446113765239716	3.8956830110400915	15.304117478430271	8.574934761971235	14.805768460035324	8.157950032502413
870000	0.62188720703125	2.7548674307763577	26.397028356790543	11.524164587259293	21.7589373588562	12.120373249053955	8.447893291711807	3.897462537512183	15.306550703942776	8.57736798748374	14.806193336844444	8.158374909311533
880000	0.6224365234375	2.7539855428040028	26.408696100115776	11.535832330584526	21.763028517365456	12.12446440756321	8.454278163611889	3.903847409412265	15.310895286500454	8.581712570041418	14.817640498280525	8.169822070747614
890000	0.62127685546875	2.752923186868429	26.397335588932037	11.524471819400787	21.768551781773567	12.129987671971321	8.450860101729631	3.9004293475300074	15.312917239964008	8.583734523504972	14.811655320227146	8.163836892694235
900000	0.621826171875	2.752778021618724	26.40843378007412	11.53557001054287	21.77098374068737	12.132419630885124	8.455304492264986	3.904873738065362	15.316606998443604	8.587424281984568	14.818321362137794	8.170502934604883
910000	0.62213134765625	2.7509155739098787	26.404052570462227	11.531188800930977	21.768237933516502	12.129673823714256	8.454316347837448	3.903885593637824	15.309812918305397	8.580630201846361	14.822993829846382	8.17517540231347
920000	0.622314453125	2.750830577686429	26.423522755503654	11.550658985972404	21.78797087073326	12.149406760931015	8.464393984526396	3.9139632303267717	15.329384535551071	8.600201819092035	14.835201784968376	8.187383357435465
930000	0.62353515625	2.7504797922447324	26.41064453125	11.53778076171875	21.780203372240067	12.14163926243782	8.458992876112461	3.908562121912837	15.321179881691933	8.591997165232897	14.83097967505455	8.183161247521639
940000	0.6220703125	2.750316858291626	26.413334861397743	11.540471091866493	21.78594632446766	12.147382214665413	8.460827004164457	3.9103962499648333	15.326715610921383	8.597532894462347	14.835951894521713	8.188133466988802
950000	0.622802734375	2.748841466382146	26.413975581526756	11.541111811995506	21.781204372644424	12.142640262842178	8.457606550306082	3.9071757961064577	15.32088404148817	8.591701325029135	14.831394977867603	8.183576550334692
960000	0.623046875	2.748699087649584	26.414270758628845	11.541406989097595	21.780597373843193	12.142033264040947	8.458259839564562	3.907829085364938	15.32203309983015	8.592850383371115	14.829020455479622	8.18120202794671
970000	0.62384033203125	2.748162694275379	26.41087333858013	11.538009569048882	21.77675759792328	12.138193488121033	8.458441086113453	3.908010331913829	15.322485588490963	8.593302872031927	14.827374882996082	8.179556455463171
980000	0.623291015625	2.747731242328882	26.415140330791473	11.542276561260223	21.785296127200127	12.14673201739788	8.461638640612364	3.9112078864127398	15.325373359024525	8.596190642565489	14.835140384733677	8.187321957200766
990000	0.62347412109375	2.747297339141369	26.42066839337349	11.54780462384224	21.78788624703884	12.149322137236595	8.463896576315165	3.9134658221155405	15.329552739858627	8.600370023399591	14.836905755102634	8.189087327569723
1000000	0.623291015625	2.7471111845225096	26.417071908712387	11.544208139181137	21.784337371587753	12.145773261785507	8.462297853082418	3.9118670988827944	15.326782271265984	8.597599554806948	14.834199972450733	8.186381544917822
