Steps	Accuracy	Loss	UniformXent	UniformKL	UnigramXent	UnigramKL	BidirBigramXent	BidirBigramKL	ForwardBigramXent	ForwardBigramKL	BackwardBigramXent	BackwardBigramKL
100	6.103515625e-05	14.876166969537735	14.873286075890064	0.0004223063588142395	14.875851012766361	5.237286902964115	14.876323267817497	10.325892513617873	14.877525381743908	8.148342665284872	14.875068977475166	8.227250549942255
200	6.103515625e-05	14.863036632537842	14.873297065496445	0.00043329596519470215	14.864707678556442	5.226143568754196	14.863463781774044	10.31303302757442	14.865104883909225	8.13592216745019	14.862777993083	8.214959565550089
300	0.06866455078125	14.834823183715343	14.873400636017323	0.0005368664860725403	14.840878613293171	5.202314503490925	14.835835047066212	10.285404292866588	14.838525965809822	8.109343249350786	14.83629709482193	8.188478667289019
400	0.07208251953125	14.729314483702183	14.8746302947402	0.0017665252089500427	14.75143612921238	5.112872019410133	14.732610486447811	10.182179732248187	14.73961155116558	8.010428834706545	14.736484937369823	8.088666509836912
500	0.07208251953125	12.776211187243462	15.318902783095837	0.44603901356458664	13.06034954637289	3.4217854365706444	12.828885838389397	8.278455084189773	12.84615258127451	6.116969864815474	12.911087363958359	6.2632689364254475
600	0.07208251953125	11.283349931240082	15.905499197542667	1.0326354280114174	11.659549474716187	2.0209853649139404	11.368391089141369	6.817960334941745	11.368297308683395	4.6391145922243595	11.534611567854881	4.88679314032197
700	0.07208251953125	10.605893425643444	16.228907018899918	1.3560432493686676	11.001316241919994	1.3627521321177483	10.701197028160095	6.150766273960471	10.693946979939938	3.9647642634809017	10.90554204583168	4.257723618298769
800	0.07208251953125	10.203609988093376	16.457189708948135	1.5843259394168854	10.602604746818542	0.9640406370162964	10.303984321653843	5.753553567454219	10.292055077850819	3.5628723613917828	10.532614059746265	3.884795632213354
900	0.072021484375	9.94038288295269	16.680407389998436	1.807543620467186	10.339775756001472	0.7012116461992264	10.04201340675354	5.491582652553916	10.03032261133194	3.301139894872904	10.286811016499996	3.638992588967085
1000	0.07196044921875	9.773710817098618	16.872028157114983	1.9991643875837326	10.166951648890972	0.528387539088726	9.875578470528126	5.325147716328502	9.862870655953884	3.1336879394948483	10.128337249159813	3.4805188216269016
1500	0.0802001953125	9.406180389225483	17.398319467902184	2.5254556983709335	9.835483960807323	0.19691985100507736	9.503971613943577	4.953540859743953	9.500238865613937	2.7710561491549015	9.800765357911587	3.1529469303786755
2000	0.07928466796875	9.276304714381695	17.556814908981323	2.6839511394500732	9.772078782320023	0.1335146725177765	9.368835590779781	4.818404836580157	9.380135849118233	2.650953132659197	9.7044463083148	3.056627880781889
2500	0.08038330078125	9.241982266306877	17.610661774873734	2.7377980053424835	9.768520563840866	0.12995645403862	9.335279725492	4.7848489712923765	9.346637658774853	2.617454942315817	9.68938272446394	3.0415642969310284
3000	0.0806884765625	9.222702786326408	17.694560423493385	2.8216966539621353	9.768860526382923	0.13029641658067703	9.316214814782143	4.765784060582519	9.330317839980125	2.6011351235210896	9.681086041033268	3.0332676135003567
3500	0.08251953125	9.204284206032753	17.748421773314476	2.875558003783226	9.774641044437885	0.1360769346356392	9.300607860088348	4.750177105888724	9.31818787008524	2.5890051536262035	9.672795318067074	3.0249768905341625
4000	0.0806884765625	9.17685367166996	17.789415687322617	2.9165519177913666	9.791888698935509	0.15332458913326263	9.28194846957922	4.731517715379596	9.3127850741148	2.5836023576557636	9.67259856313467	3.024780135601759
4500	0.0838623046875	9.133342742919922	17.88250957429409	3.0096458047628403	9.820406831800938	0.18184272199869156	9.254480436444283	4.7040496822446585	9.306471027433872	2.5772883109748363	9.68480196595192	3.0369835384190083
5000	0.117919921875	8.888737302273512	18.01334658265114	3.1404828131198883	9.893527887761593	0.25496377795934677	9.02805132418871	4.477620569989085	9.092475473880768	2.363292757421732	9.713114634156227	3.065296206623316
5500	0.14208984375	8.626720007508993	18.194408535957336	3.3215447664260864	10.158799707889557	0.5202355980873108	8.782316751778126	4.231885997578502	8.891863912343979	2.162681195884943	9.914238527417183	3.2664200998842716
6000	0.16094970703125	8.419877659529448	18.43487659096718	3.5620128214359283	10.438885405659676	0.8003212958574295	8.593186546117067	4.042755791917443	8.737306661903858	2.0081239454448223	10.095016732811928	3.4471983052790165
6500	0.17803955078125	8.145723950117826	18.666865557432175	3.7940017879009247	10.829864040017128	1.191299930214882	8.341674294322729	3.791243540123105	8.532868653535843	1.803685937076807	10.272202901542187	3.6243844740092754
7000	0.19024658203125	7.938962649554014	18.719912961125374	3.847049191594124	11.17236565053463	1.5338015407323837	8.16926447302103	3.6188337188214064	8.390965525060892	1.6617828086018562	10.481608726084232	3.833790298551321
7500	0.1971435546875	7.782059010118246	18.679948940873146	3.807085171341896	11.408044956624508	1.7694808468222618	8.040916796773672	3.490486042574048	8.286513358354568	1.5573306418955326	10.648266799747944	4.000448372215033
8000	0.20184326171875	7.6306547820568085	18.784037545323372	3.911173775792122	11.585802964866161	1.9472388550639153	7.924022786319256	3.3735920321196318	8.205542169511318	1.4763594530522823	10.792751386761665	4.144932959228754
8500	0.2095947265625	7.491575468331575	19.00297549366951	4.13011172413826	11.765426307916641	2.126862198114395	7.828377686440945	3.2779469322413206	8.150135081261396	1.4209523648023605	10.91709390282631	4.269275475293398
9000	0.2152099609375	7.371727924793959	19.095945701003075	4.223081931471825	11.911255829036236	2.2726917192339897	7.742260091006756	3.1918293368071318	8.09730800241232	1.3681252859532833	10.986901700496674	4.339083272963762
9500	0.219482421875	7.26537599042058	19.201546773314476	4.328683003783226	12.05403496325016	2.415470853447914	7.682209149003029	3.131778394803405	8.06962701305747	1.3404442965984344	11.080171220004559	4.432352792471647
10000	0.22552490234375	7.163408614695072	19.326501458883286	4.4536376893520355	12.19351863861084	2.5549545288085938	7.616039149463177	3.0656083952635527	8.033567074686289	1.304384358227253	11.15877927839756	4.510960850864649
11000	0.23492431640625	7.006350412964821	19.614092245697975	4.741228476166725	12.482261754572392	2.8436976447701454	7.543768510222435	2.993337756022811	8.01086324825883	1.2816805317997932	11.343999214470387	4.696180786937475
12000	0.24041748046875	6.898247092962265	19.7238971889019	4.851033419370651	12.64402948319912	3.0054653733968735	7.50960586220026	2.959175108000636	8.006377812474966	1.2771950960159302	11.44494841247797	4.797129984945059
13000	0.24609375	6.801041875034571	19.908171251416206	5.035307481884956	12.738652370870113	3.1000882610678673	7.474648334085941	2.9242175798863173	8.020279727876186	1.2910970114171505	11.517440281808376	4.869621854275465
14000	0.2529296875	6.722954876720905	20.03691193461418	5.1640481650829315	12.86753099411726	3.228966884315014	7.457212548702955	2.906781794503331	8.031759690493345	1.3025769740343094	11.579206638038158	4.931388210505247
15000	0.2569580078125	6.6577791050076485	20.236351147294044	5.3634873777627945	12.997997343540192	3.3594332337379456	7.447969190776348	2.897538436576724	8.046194579452276	1.3170118629932404	11.66281896084547	5.015000533312559
16000	0.25665283203125	6.606501154601574	20.293402835726738	5.420539066195488	13.042411223053932	3.403847113251686	7.441608987748623	2.891178233548999	8.067802220582962	1.3386195041239262	11.680287435650826	5.032469008117914
17000	0.259765625	6.554640378803015	20.363017827272415	5.490154057741165	13.10928089171648	3.470716781914234	7.436235245317221	2.8858044911175966	8.08387366309762	1.3546909466385841	11.747887797653675	5.100069370120764
18000	0.26239013671875	6.508628323674202	20.377339899539948	5.5044761300086975	13.158546283841133	3.519982174038887	7.434428699314594	2.88399794511497	8.101045429706573	1.3718627132475376	11.774147190153599	5.1263287626206875
19000	0.26568603515625	6.464054271578789	20.56456235051155	5.691698580980301	13.235441386699677	3.5968772768974304	7.435936577618122	2.885505823418498	8.127310760319233	1.398128043860197	11.832452490925789	5.184634063392878
20000	0.26788330078125	6.425692640244961	20.58629597723484	5.71343220770359	13.25861307233572	3.620048962533474	7.433037366718054	2.8826066125184298	8.135831210762262	1.4066484943032265	11.859286822378635	5.211468394845724
21000	0.26904296875	6.393108241260052	20.56501817703247	5.692154407501221	13.327066294848919	3.688502185046673	7.441242936998606	2.8908121827989817	8.159620348364115	1.4304376319050789	11.898783951997757	5.250965524464846
22000	0.2738037109375	6.357731815427542	20.63834311068058	5.76547934114933	13.377099923789501	3.738535813987255	7.443145003169775	2.892714248970151	8.172622982412577	1.4434402659535408	11.93741424381733	5.289595816284418
23000	0.2752685546875	6.323731493204832	20.751566514372826	5.878702744841576	13.423143319785595	3.784579209983349	7.442635703831911	2.892204949632287	8.18447159230709	1.4552888758480549	11.970780052244663	5.322961624711752
24000	0.27874755859375	6.292548414319754	20.702475145459175	5.829611375927925	13.449778757989407	3.8112146481871605	7.448003143072128	2.8975723888725042	8.206022202968597	1.4768394865095615	11.985977403819561	5.33815897628665
25000	0.27972412109375	6.271047979593277	20.789516508579254	5.916652739048004	13.491520829498768	3.8529567196965218	7.4539062939584255	2.9034755397588015	8.222072340548038	1.4928896240890026	12.007776841521263	5.359958413988352
26000	0.2813720703125	6.240738555788994	20.942186906933784	6.0693231374025345	13.571427203714848	3.9328630939126015	7.459327787160873	2.9088970329612494	8.248710323125124	1.519527606666088	12.06982808560133	5.4220096580684185
27000	0.28094482421875	6.219094414263964	20.99130868911743	6.118444919586182	13.60947997868061	3.9709158688783646	7.46560837328434	2.915177619084716	8.255924198776484	1.5267414823174477	12.106098838150501	5.45828041061759
28000	0.28460693359375	6.193246513605118	20.998675882816315	6.125812113285065	13.625140212476254	3.9865761026740074	7.466757144778967	2.916326390579343	8.272761777043343	1.5435790605843067	12.110778324306011	5.4629598967731
29000	0.28515625	6.171827670186758	21.036682069301605	6.163818299770355	13.64799714833498	4.009433038532734	7.469659812748432	2.919229058548808	8.282289993017912	1.553107276558876	12.118321932852268	5.470503505319357
30000	0.2864990234375	6.152385246008635	21.092637687921524	6.219773918390274	13.722666151821613	4.084102042019367	7.477757811546326	2.9273270573467016	8.309005711227655	1.5798229947686195	12.174289651215076	5.526471223682165
31000	0.2889404296875	6.1296189203858376	21.133834540843964	6.260970771312714	13.73936863988638	4.100804530084133	7.479558225721121	2.9291274715214968	8.317346334457397	1.5881636179983616	12.190043583512306	5.542225155979395
32000	0.287353515625	6.115747570991516	21.135695978999138	6.262832209467888	13.742158882319927	4.103594772517681	7.482231322675943	2.9318005684763193	8.325341321527958	1.596158605068922	12.192472100257874	5.544653672724962
33000	0.28887939453125	6.093815494328737	21.19144405424595	6.318580284714699	13.782219968736172	4.143655858933926	7.485216595232487	2.9347858410328627	8.341962542384863	1.612779825925827	12.221127338707447	5.573308911174536
34000	0.28955078125	6.082679588347673	21.196837931871414	6.323974162340164	13.800158888101578	4.161594778299332	7.492363203316927	2.941932449117303	8.350845009088516	1.6216622926294804	12.239412121474743	5.591593693941832
35000	0.2919921875	6.067614808678627	21.218182429671288	6.3453186601400375	13.83949190378189	4.200927793979645	7.498151924461126	2.9477211702615023	8.365831065922976	1.6366483494639397	12.26532930880785	5.617510881274939
36000	0.2935791015625	6.0469120517373085	21.233038172125816	6.360174402594566	13.854567065834999	4.216002956032753	7.494069006294012	2.943638252094388	8.364039074629545	1.6348563581705093	12.267655543982983	5.619837116450071
37000	0.29632568359375	6.03045717254281	21.317851200699806	6.444987431168556	13.91671034693718	4.2781462371349335	7.503336932510138	2.9529061783105135	8.386697087436914	1.6575143709778786	12.314092457294464	5.666274029761553
38000	0.29779052734375	6.01471545919776	21.3578067868948	6.484943017363548	13.935859926044941	4.297295816242695	7.505692131817341	2.955261377617717	8.394122824072838	1.664940107613802	12.324180141091347	5.676361713558435
39000	0.29815673828125	6.00040864944458	21.327355697751045	6.454491928219795	13.91548877954483	4.276924669742584	7.501291777938604	2.9508610237389803	8.392262734472752	1.6630800180137157	12.30988235026598	5.6620639227330685
40000	0.29522705078125	5.9928513541817665	21.384826436638832	6.511962667107582	13.957700692117214	4.319136582314968	7.514820117503405	2.9643893633037806	8.407722432166338	1.678539715707302	12.336440674960613	5.688622247427702
41000	0.2978515625	5.978961445391178	21.420580491423607	6.547716721892357	13.9652758538723	4.326711744070053	7.51343684270978	2.9630060885101557	8.415317386388779	1.6861346699297428	12.34540719538927	5.6975887678563595
42000	0.29901123046875	5.961613986641169	21.455774798989296	6.582911029458046	14.016657076776028	4.378092966973782	7.520684145390987	2.9702533911913633	8.432957831770182	1.7037751153111458	12.3837308883667	5.735912460833788
43000	0.29974365234375	5.948815271258354	21.452823594212532	6.579959824681282	14.01526715606451	4.376703046262264	7.523722775280476	2.9732920210808516	8.43864506855607	1.7094623520970345	12.385533906519413	5.737715478986502
44000	0.29974365234375	5.94103729352355	21.469840332865715	6.596976563334465	14.013261750340462	4.374697640538216	7.524638090282679	2.9742073360830545	8.442461431026459	1.7132787145674229	12.386444628238678	5.738626200705767
45000	0.29974365234375	5.925996515899897	21.52009566128254	6.647231891751289	14.083576411008835	4.445012301206589	7.540263336151838	2.9898325819522142	8.468924846500158	1.7397421300411224	12.437732122838497	5.789913695305586
46000	0.30255126953125	5.913783699274063	21.505595356225967	6.632731586694717	14.060562312602997	4.421998202800751	7.535023238509893	2.9845924843102694	8.463470235466957	1.7342875190079212	12.410966269671917	5.763147842139006
47000	0.3023681640625	5.903838213533163	21.566667810082436	6.693804040551186	14.10391752421856	4.465353414416313	7.541716314852238	2.9912855606526136	8.478914983570576	1.7497322671115398	12.45368805527687	5.805869627743959
48000	0.30413818359375	5.8934633657336235	21.59778656065464	6.72492279112339	14.128392785787582	4.489828675985336	7.541102364659309	2.9906716104596853	8.48530900478363	1.7561262883245945	12.46953409165144	5.821715664118528
49000	0.30499267578125	5.883212272077799	21.609040528535843	6.736176759004593	14.140307277441025	4.501743167638779	7.548227056860924	2.9977963026612997	8.498432707041502	1.7692499905824661	12.47160018980503	5.8237817622721195
50000	0.30401611328125	5.873329289257526	21.596055328845978	6.723191559314728	14.162192575633526	4.52362846583128	7.553271535784006	3.002840781584382	8.505476213991642	1.7762934975326061	12.485050149261951	5.83723172172904
51000	0.3074951171875	5.863909915089607	21.601989209651947	6.729125440120697	14.171403296291828	4.532839186489582	7.555130690336227	3.0046999361366034	8.508565790951252	1.779383074492216	12.49851057678461	5.8506921492516994
52000	0.307373046875	5.851786583662033	21.63241909444332	6.759555324912071	14.161013290286064	4.522449180483818	7.5521009266376495	3.0016701724380255	8.506773754954338	1.7775910384953022	12.484054334461689	5.836235906928778
53000	0.30853271484375	5.8453789837658405	21.662868455052376	6.790004685521126	14.211290404200554	4.572726294398308	7.56142184138298	3.0109910871833563	8.524965669959784	1.7957829535007477	12.526368208229542	5.8785497806966305
54000	0.306640625	5.834376581013203	21.723899394273758	6.851035624742508	14.207694463431835	4.569130353629589	7.567979462444782	3.017548708245158	8.537550956010818	1.8083682395517826	12.516217321157455	5.868398893624544
55000	0.3109130859375	5.822647150605917	21.645854488015175	6.772990718483925	14.187282904982567	4.548718795180321	7.562280118465424	3.0118493642657995	8.533693451434374	1.804510734975338	12.498654030263424	5.850835602730513
56000	0.30926513671875	5.817734237760305	21.711352080106735	6.838488310575485	14.242960751056671	4.604396641254425	7.5761346854269505	3.0257039312273264	8.555640768259764	1.8264580518007278	12.539571218192577	5.891752790659666
57000	0.3077392578125	5.811075057834387	21.72716163098812	6.854297861456871	14.227765001356602	4.589200891554356	7.576048091053963	3.0256173368543386	8.55439767241478	1.8252149559557438	12.535012431442738	5.887194003909826
58000	0.30865478515625	5.802978239953518	21.790095031261444	6.917231261730194	14.269470371305943	4.630906261503696	7.580495577305555	3.0300648231059313	8.562756061553955	1.8335733450949192	12.565129607915878	5.917311180382967
59000	0.31036376953125	5.791736572980881	21.80437372624874	6.931509956717491	14.287404388189316	4.64884027838707	7.577301140874624	3.026870386675	8.566695302724838	1.8375125862658024	12.571104824543	5.923286397010088
60000	0.3114013671875	5.7871314734220505	21.835432678461075	6.962568908929825	14.287156000733376	4.6485918909311295	7.580493621528149	3.0300628673285246	8.570155911147594	1.8409731946885586	12.579293251037598	5.931474823504686
61000	0.31121826171875	5.778637167066336	21.808157339692116	6.935293570160866	14.32013413310051	4.6815700232982635	7.58938068524003	3.0389499310404062	8.584085520356894	1.8549028038978577	12.597515523433685	5.949697095900774
62000	0.3116455078125	5.772309344261885	21.87038779258728	6.99752402305603	14.347908407449722	4.709344297647476	7.597244448959827	3.0468136947602034	8.60364405810833	1.874461341649294	12.618705317378044	5.970886889845133
63000	0.3114013671875	5.763915631920099	21.836491242051125	6.963627472519875	14.31989897787571	4.681334868073463	7.590676996856928	3.040246242657304	8.596014179289341	1.866831462830305	12.59519012272358	5.947371695190668
64000	0.312255859375	5.7590344697237015	21.870995327830315	6.998131558299065	14.370000660419464	4.731436550617218	7.601347330957651	3.050916576758027	8.606572926044464	1.8773902095854282	12.6278760060668	5.980057578533888
65000	0.31292724609375	5.752114113420248	21.805426716804504	6.932562947273254	14.328393511474133	4.6898294016718864	7.588847327977419	3.038416573777795	8.593317728489637	1.8641350120306015	12.601219907402992	5.953401479870081
66000	0.3121337890625	5.746329914778471	21.928250312805176	7.055386543273926	14.40489349514246	4.766329385340214	7.609073292464018	3.058642538264394	8.623760312795639	1.8945775963366032	12.656343378126621	6.00852495059371
67000	0.3155517578125	5.739277172833681	21.903506591916084	7.030642822384834	14.376187063753605	4.737622953951359	7.604359060525894	3.05392830632627	8.623616620898247	1.894433904439211	12.636259689927101	5.98844126239419
68000	0.31219482421875	5.734486557543278	21.93335223197937	7.06048846244812	14.389601916074753	4.751037806272507	7.608285680413246	3.057854926213622	8.63119612261653	1.9020134061574936	12.64265352487564	5.99483509734273
69000	0.313720703125	5.723660372197628	22.026452749967575	7.153588980436325	14.435060806572437	4.796496696770191	7.61151996999979	3.061089215800166	8.636297509074211	1.9071147926151752	12.682347647845745	6.034529220312834
70000	0.31536865234375	5.720776084810495	21.925997406244278	7.053133636713028	14.39655314385891	4.7579890340566635	7.604963254183531	3.0545324999839067	8.626345410943031	1.8971626944839954	12.647601276636124	5.999782849103212
71000	0.31646728515625	5.712524704635143	21.91552233695984	7.042658567428589	14.395867437124252	4.757303327322006	7.610823635011911	3.0603928808122873	8.63496807217598	1.9057853557169437	12.648223996162415	6.000405568629503
72000	0.31536865234375	5.7092598490417	21.953351721167564	7.080487951636314	14.419825077056885	4.781260967254639	7.618766728788614	3.06833597458899	8.649791456758976	1.92060874029994	12.66308594495058	6.015267517417669
73000	0.317626953125	5.7034941874444485	21.927690088748932	7.054826319217682	14.402479879558086	4.76391576975584	7.616565246134996	3.0661344919353724	8.646408796310425	1.917226079851389	12.660758711397648	6.012940283864737
74000	0.31597900390625	5.699560854583979	21.907729268074036	7.034865498542786	14.406447269022465	4.767883159220219	7.610558625310659	3.0601278711110353	8.64211867749691	1.9129359610378742	12.649575732648373	6.001757305115461
75000	0.31689453125	5.691766832023859	21.990781128406525	7.117917358875275	14.440977662801743	4.8024135529994965	7.620997574180365	3.0705668199807405	8.663293041288853	1.9341103248298168	12.679579511284828	6.031761083751917
76000	0.31707763671875	5.686476614326239	22.038623556494713	7.165759786963463	14.470446228981018	4.831882119178772	7.632037848234177	3.0816070940345526	8.67620475590229	1.9470220394432545	12.704483807086945	6.056665379554033
77000	0.3187255859375	5.681446332484484	22.086166247725487	7.213302478194237	14.509975880384445	4.871411770582199	7.637194857001305	3.0867641028016806	8.68975868448615	1.9605759680271149	12.73037800192833	6.082559574395418
78000	0.31756591796875	5.678686134517193	22.0106380879879	7.13777431845665	14.479204587638378	4.840640477836132	7.6332465671002865	3.0828158129006624	8.679283641278744	1.9501009248197079	12.70963729172945	6.061818864196539
79000	0.31927490234375	5.669138688594103	21.994224086403847	7.121360316872597	14.473232179880142	4.834668070077896	7.6268711276352406	3.0764403734356165	8.674756109714508	1.9455733932554722	12.70057474821806	6.052756320685148
80000	0.318359375	5.661983981728554	22.031585186719894	7.158721417188644	14.517481230199337	4.878917120397091	7.634155906736851	3.0837251525372267	8.683056756854057	1.9538740403950214	12.738194227218628	6.090375799685717
81000	0.318115234375	5.658776581287384	22.032636910676956	7.159773141145706	14.497463934123516	4.85889982432127	7.635345332324505	3.084914578124881	8.684675514698029	1.9554927982389927	12.721777237951756	6.073958810418844
82000	0.31903076171875	5.6556016728281975	22.064428493380547	7.191564723849297	14.510859787464142	4.872295677661896	7.637976858764887	3.087546104565263	8.694063767790794	1.9648810513317585	12.727343946695328	6.0795255191624165
83000	0.32073974609375	5.649395991116762	22.00048205256462	7.127618283033371	14.498830750584602	4.860266640782356	7.627857863903046	3.0774271097034216	8.682252440601587	1.9530697241425514	12.718143656849861	6.07032522931695
84000	0.32196044921875	5.642446700483561	22.092584863305092	7.219721093773842	14.532761834561825	4.894197724759579	7.637503035366535	3.087072281166911	8.69388909637928	1.9647063799202442	12.74049935489893	6.092680927366018
85000	0.32257080078125	5.63751470297575	22.037875413894653	7.165011644363403	14.524220071732998	4.885655961930752	7.639229375869036	3.0887986216694117	8.704683624207973	1.9755009077489376	12.72958967834711	6.0817712508141994
86000	0.32135009765625	5.6381867080926895	22.110856220126152	7.237992450594902	14.523032933473587	4.884468823671341	7.644435178488493	3.094004424288869	8.7082594409585	1.979076724499464	12.735117204487324	6.0872987769544125
87000	0.32135009765625	5.631955213844776	22.107357650995255	7.2344938814640045	14.557245820760727	4.918681710958481	7.652749672532082	3.1023189183324575	8.724689085036516	1.9955063685774803	12.759559594094753	6.111741166561842
88000	0.32098388671875	5.628543891012669	22.168151944875717	7.295288175344467	14.579152517020702	4.940588407218456	7.65449271723628	3.1040619630366564	8.72984729334712	2.0006645768880844	12.777869075536728	6.130050648003817
89000	0.32177734375	5.621204432100058	22.131068006157875	7.258204236626625	14.548049420118332	4.909485310316086	7.653468135744333	3.103037381544709	8.726196862757206	1.99701414629817	12.752364538609982	6.10454611107707
90000	0.3209228515625	5.617940936237574	22.097629338502884	7.224765568971634	14.542117945849895	4.903553836047649	7.649870462715626	3.0994397085160017	8.723736368119717	1.9945536516606808	12.755488783121109	6.107670355588198
91000	0.32275390625	5.61447910964489	22.105495408177376	7.232631638646126	14.568774625658989	4.930210515856743	7.655240312218666	3.104809558019042	8.728857073932886	1.9996743574738503	12.768266588449478	6.120448160916567
92000	0.32098388671875	5.6102606654167175	22.18587677180767	7.313013002276421	14.614191807806492	4.975627698004246	7.662725895643234	3.11229514144361	8.74617625400424	2.016993537545204	12.80333835631609	6.155519928783178
93000	0.3201904296875	5.606146387755871	22.101573511958122	7.228709742426872	14.579039253294468	4.940475143492222	7.651794198900461	3.101363444700837	8.727001547813416	1.9978188313543797	12.769967541098595	6.122149113565683
94000	0.32452392578125	5.601071637123823	22.128196761012077	7.255332991480827	14.593621246516705	4.9550571367144585	7.654334343969822	3.103903589770198	8.738070636987686	2.0088879205286503	12.779364481568336	6.131546054035425
95000	0.3240966796875	5.60109393671155	22.188523694872856	7.315659925341606	14.600210599601269	4.961646489799023	7.660420633852482	3.109989879652858	8.746247291564941	2.0170645751059055	12.787192955613136	6.139374528080225
96000	0.3236083984375	5.594755671918392	22.15642799437046	7.2835642248392105	14.594196863472462	4.955632753670216	7.656212117522955	3.105781363323331	8.743978168815374	2.0147954523563385	12.776413440704346	6.128595013171434
97000	0.3218994140625	5.593669690191746	22.10728892683983	7.2344251573085785	14.58566576987505	4.9471016600728035	7.663886696100235	3.113455941900611	8.74723145365715	2.0180487371981144	12.777597069740295	6.129778642207384
98000	0.32440185546875	5.584155209362507	22.19197690486908	7.31911313533783	14.625763095915318	4.987198986113071	7.666000179946423	3.1155694257467985	8.758369907736778	2.0291871912777424	12.801459670066833	6.153641242533922
99000	0.3228759765625	5.582109149545431	22.19573414325714	7.322870373725891	14.631765082478523	4.993200972676277	7.668911542743444	3.1184807885438204	8.763647098094225	2.034464381635189	12.810559183359146	6.162740755826235
100000	0.32470703125	5.581056736409664	22.18516594171524	7.3123021721839905	14.627584904432297	4.989020794630051	7.669796388596296	3.1193656343966722	8.763148687779903	2.0339659713208675	12.805841788649559	6.158023361116648
110000	0.32440185546875	5.546155046671629	22.27250672876835	7.399642959237099	14.673535875976086	5.03497176617384	7.685378521680832	3.134947767481208	8.793740719556808	2.0645580030977726	12.838867172598839	6.1910487450659275
120000	0.32550048828125	5.520124606788158	22.280030101537704	7.4071663320064545	14.716036953032017	5.077472843229771	7.702604975551367	3.1521742213517427	8.823440112173557	2.0942573957145214	12.868723757565022	6.22090533003211
130000	0.32952880859375	5.486527159810066	22.336907356977463	7.464043587446213	14.759302705526352	5.120738595724106	7.7102673426270485	3.1598365884274244	8.848616406321526	2.1194336898624897	12.893205903470516	6.245387475937605
140000	0.33056640625	5.469169620424509	22.435142144560814	7.562278375029564	14.818030714988708	5.179466605186462	7.729024641215801	3.178593887016177	8.881555058062077	2.1523723416030407	12.930434510111809	6.2826160825788975
150000	0.33111572265625	5.443965680897236	22.502838894724846	7.629975125193596	14.858027003705502	5.2194628939032555	7.744418632239103	3.1939878780394793	8.90592247247696	2.1767397560179234	12.967451773583889	6.319633346050978
160000	0.3341064453125	5.42354753613472	22.485229179263115	7.612365409731865	14.851590886712074	5.213026776909828	7.739218011498451	3.188787257298827	8.907185479998589	2.1780027635395527	12.955063864588737	6.307245437055826
170000	0.3350830078125	5.40835914760828	22.558163553476334	7.685299783945084	14.893153071403503	5.254588961601257	7.756873086094856	3.206442331895232	8.940786585211754	2.211603868752718	12.980480752885342	6.33266232535243
180000	0.3372802734375	5.389386247843504	22.584826692938805	7.711962923407555	14.90456260740757	5.265998497605324	7.766005732119083	3.2155749779194593	8.954201012849808	2.225018296390772	12.993587717413902	6.345769289880991
190000	0.34100341796875	5.376086764037609	22.560958728194237	7.688094958662987	14.913700997829437	5.275136888027191	7.7721754796803	3.2217447254806757	8.96657945215702	2.2373967356979847	12.990618765354156	6.342800337821245
200000	0.3388671875	5.363723270595074	22.62992988526821	7.757066115736961	14.95524737238884	5.316683262586594	7.781442012637854	3.2310112584382296	8.984677784144878	2.2554950676858425	13.024257190525532	6.3764387629926205
210000	0.3406982421875	5.3477363884449005	22.61597913503647	7.7431153655052185	14.942104145884514	5.303540036082268	7.777048256248236	3.2266175020486116	8.980545036494732	2.251362320035696	13.015878967940807	6.368060540407896
220000	0.341064453125	5.340951640158892	22.6984334141016	7.825569644570351	15.001591853797436	5.36302774399519	7.801474418491125	3.251043664291501	9.017937175929546	2.2887544594705105	13.059821136295795	6.412002708762884
230000	0.34136962890625	5.327942807227373	22.721240162849426	7.848376393318176	15.022874012589455	5.384309902787209	7.803063936531544	3.2526331823319197	9.02695919573307	2.2977764792740345	13.075730979442596	6.427912551909685
240000	0.3411865234375	5.318955019116402	22.673329204320908	7.800465434789658	15.004163317382336	5.36559920758009	7.801937263458967	3.251506509259343	9.022302761673927	2.2931200452148914	13.0585340783	6.410715650767088
250000	0.342529296875	5.30921009555459	22.70455653965473	7.831692770123482	15.03873199224472	5.400167882442474	7.808459207415581	3.2580284532159567	9.037675075232983	2.3084923587739468	13.084339410066605	6.436520982533693
260000	0.34405517578125	5.30029695853591	22.80260345339775	7.929739683866501	15.072261668741703	5.433697558939457	7.823437642306089	3.2730068881064653	9.060279443860054	2.331096727401018	13.112630032002926	6.464811604470015
270000	0.34381103515625	5.292069960385561	22.748772740364075	7.875908970832825	15.067193761467934	5.428629651665688	7.823863945901394	3.27343319170177	9.067596472799778	2.338413756340742	13.105977050960064	6.458158623427153
280000	0.34521484375	5.281428162008524	22.812877744436264	7.940013974905014	15.089802198112011	5.451238088309765	7.834592308849096	3.2841615546494722	9.078182376921177	2.348999660462141	13.127944111824036	6.480125684291124
290000	0.34625244140625	5.273449145257473	22.776628255844116	7.903764486312866	15.07145931571722	5.432895205914974	7.826166223734617	3.275735469534993	9.070965126156807	2.341782409697771	13.110411688685417	6.462593261152506
300000	0.344970703125	5.266575388610363	22.83565364778042	7.962789878249168	15.100025728344917	5.461461618542671	7.839937284588814	3.2895065303891897	9.093753471970558	2.3645707555115223	13.130817145109177	6.482998717576265
310000	0.34600830078125	5.26073781400919	22.821462884545326	7.948599115014076	15.100855007767677	5.462290897965431	7.838860630989075	3.2884298767894506	9.091977827250957	2.3627951107919216	13.13116130977869	6.483342882245779
320000	0.34613037109375	5.256521783769131	22.83732308447361	7.96445931494236	15.128402009606361	5.489837899804115	7.851622883230448	3.3011921290308237	9.109601847827435	2.3804191313683987	13.156523160636425	6.508704733103514
330000	0.3480224609375	5.2497156374156475	22.854083850979805	7.981220081448555	15.130326718091965	5.491762608289719	7.850836660712957	3.3004059065133333	9.111993625760078	2.3828109093010426	13.153580099344254	6.505761671811342
340000	0.34710693359375	5.246927687898278	22.898221716284752	8.025357946753502	15.153090991079807	5.514526881277561	7.860313199460506	3.3098824452608824	9.12607204914093	2.3968893326818943	13.171075820922852	6.52325739338994
350000	0.3486328125	5.240174265578389	22.9260456264019	8.053181856870651	15.17382950335741	5.535265393555164	7.868255000561476	3.3178242463618517	9.138400569558144	2.4092178530991077	13.188611634075642	6.54079320654273
360000	0.349609375	5.233348898589611	22.889841556549072	8.016977787017822	15.155349485576153	5.516785375773907	7.858851671218872	3.308420917019248	9.131240136921406	2.40205742046237	13.167695224285126	6.519876796752214
370000	0.34857177734375	5.227378083392978	22.932642221450806	8.059778451919556	15.16104131191969	5.522477202117443	7.864155676215887	3.313724922016263	9.139213673770428	2.410030957311392	13.171671584248543	6.5238531567156315
380000	0.34906005859375	5.222833186388016	22.963810935616493	8.090947166085243	15.181943729519844	5.543379619717598	7.874171733856201	3.323740979656577	9.153678894042969	2.424496177583933	13.196119651198387	6.548301223665476
390000	0.35015869140625	5.218653688207269	22.93422608077526	8.061362311244011	15.176015503704548	5.537451393902302	7.873338580131531	3.3229078259319067	9.152796655893326	2.42361393943429	13.183832332491875	6.536013904958963
400000	0.3502197265625	5.2145986799150705	22.946184009313583	8.073320239782333	15.186575666069984	5.548011556267738	7.874508827924728	3.3240780737251043	9.15589114278555	2.4267084263265133	13.196818247437477	6.548999819904566
410000	0.35198974609375	5.207931557670236	22.932930141687393	8.060066372156143	15.170481458306313	5.5319173485040665	7.8682398200035095	3.3178090658038855	9.147351935505867	2.418169219046831	13.183640703558922	6.5358222760260105
420000	0.35064697265625	5.208165694028139	22.951528802514076	8.078665032982826	15.195132657885551	5.556568548083305	7.879761945456266	3.3293311912566423	9.165603637695312	2.4364209212362766	13.19983497262001	6.552016545087099
430000	0.3511962890625	5.203802639618516	22.983149722218513	8.110285952687263	15.211742401123047	5.573178291320801	7.885505769401789	3.3350750152021646	9.176295273005962	2.4471125565469265	13.215324871242046	6.567506443709135
440000	0.35052490234375	5.200983511283994	22.952175959944725	8.079312190413475	15.192559152841568	5.553995043039322	7.880613896995783	3.330183142796159	9.167901016771793	2.4387183003127575	13.194851659238338	6.547033231705427
450000	0.35040283203125	5.196761775761843	22.960196509957314	8.087332740426064	15.217014484107494	5.578450374305248	7.886561211198568	3.3361304569989443	9.17525839060545	2.446075674146414	13.217488892376423	6.569670464843512
460000	0.3516845703125	5.195004699751735	23.04602402448654	8.173160254955292	15.249547012150288	5.6109829023480415	7.897725194692612	3.3472944404929876	9.192603446543217	2.463420730084181	13.24437402188778	6.596555594354868
470000	0.3515625	5.190985273569822	22.990849003195763	8.117985233664513	15.235817223787308	5.597253113985062	7.894671846181154	3.34424109198153	9.191563539206982	2.462380822747946	13.23330207169056	6.585483644157648
480000	0.35174560546875	5.186587007716298	23.059220179915428	8.186356410384178	15.262918628752232	5.6243545189499855	7.905782837420702	3.355352083221078	9.20417708158493	2.4749943651258945	13.254312969744205	6.606494542211294
490000	0.35174560546875	5.182895429432392	23.006601870059967	8.133738100528717	15.234946221113205	5.596382111310959	7.894374020397663	3.343943266198039	9.19085118919611	2.461668472737074	13.231516666710377	6.583698239177465
500000	0.3516845703125	5.1804621908813715	23.045816630125046	8.172952860593796	15.245658211410046	5.6070941016077995	7.901495762169361	3.351065007969737	9.200171865522861	2.4709891490638256	13.237778849899769	6.5899604223668575
510000	0.353515625	5.17828443646431	23.0163751244545	8.143511354923248	15.238552786409855	5.599988676607609	7.898135770112276	3.347705015912652	9.195721089839935	2.4665383733808994	13.232588067650795	6.584769640117884
520000	0.35296630859375	5.177309136837721	23.059410706162453	8.186546936631203	15.269697971642017	5.631133861839771	7.910156108438969	3.3597253542393446	9.212980538606644	2.483797822147608	13.262882724404335	6.615064296871424
530000	0.35443115234375	5.172907466068864	23.053066208958626	8.180202439427376	15.278252363204956	5.63968825340271	7.909440029412508	3.359009275212884	9.216222174465656	2.4870394580066204	13.265992224216461	6.61817379668355
540000	0.35272216796875	5.172637358307838	23.073211818933487	8.200348049402237	15.278940252959728	5.640376143157482	7.914117347449064	3.36368659324944	9.220117285847664	2.490934569388628	13.26714662462473	6.619328197091818
550000	0.3538818359375	5.169996542856097	23.080639570951462	8.207775801420212	15.283397175371647	5.644833065569401	7.913798063993454	3.36336730979383	9.222495272755623	2.493312556296587	13.268132112920284	6.620313685387373
560000	0.3543701171875	5.167544282972813	23.075174555182457	8.202310785651207	15.277523420751095	5.638959310948849	7.910432197153568	3.360001442953944	9.221059374511242	2.491876658052206	13.260830119252205	6.613011691719294
570000	0.353759765625	5.163822688162327	23.090458035469055	8.217594265937805	15.274016574025154	5.635452464222908	7.9120482839643955	3.3616175297647715	9.221672296524048	2.492489580065012	13.26038509607315	6.612566668540239
580000	0.35443115234375	5.161547085270286	23.104738742113113	8.231874972581863	15.28668574988842	5.648121640086174	7.9190658852458	3.368635131046176	9.232044950127602	2.5028622336685658	13.277603849768639	6.629785422235727
590000	0.3538818359375	5.159632991999388	23.082225546240807	8.209361776709557	15.28110171854496	5.642537608742714	7.915872059762478	3.365441305562854	9.227921426296234	2.4987387098371983	13.266525439918041	6.61870701238513
600000	0.35577392578125	5.15860259719193	23.101405188441277	8.228541418910027	15.29943297803402	5.660868868231773	7.923890344798565	3.373459590598941	9.23983034491539	2.510647628456354	13.281614512205124	6.633796084672213
610000	0.355712890625	5.154430966824293	23.093916669487953	8.221052899956703	15.288675457239151	5.650111347436905	7.92048954218626	3.370058787986636	9.2360405549407	2.5068578384816647	13.27241999655962	6.624601569026709
620000	0.35528564453125	5.155764566734433	23.09921821951866	8.226354449987411	15.292943187057972	5.654379077255726	7.921497832983732	3.371067078784108	9.237049989402294	2.5078672729432583	13.274894997477531	6.62707656994462
630000	0.3558349609375	5.152659120038152	23.10326375067234	8.23039998114109	15.298911549150944	5.660347439348698	7.925777763128281	3.3753470089286566	9.243464328348637	2.5142816118896008	13.280806958675385	6.632988531142473
640000	0.35418701171875	5.15254676528275	23.09699347615242	8.22412970662117	15.284804716706276	5.64624060690403	7.919750440865755	3.369319686666131	9.23525632172823	2.5060736052691936	13.267496578395367	6.619678150862455
650000	0.35577392578125	5.149906504899263	23.10679580271244	8.23393203318119	15.31306778639555	5.674503676593304	7.9275007620453835	3.3770700078457594	9.245749436318874	2.5165667198598385	13.292335979640484	6.6445175521075726
660000	0.3543701171875	5.150056041777134	23.152289167046547	8.279425397515297	15.320765443146229	5.682201333343983	7.933794431388378	3.383363677188754	9.253327667713165	2.5241449512541294	13.303365878760815	6.655547451227903
670000	0.3541259765625	5.148301482200623	23.105509340763092	8.232645571231842	15.314283199608326	5.67571908980608	7.931802853941917	3.3813720997422934	9.253559842705727	2.5243771262466908	13.295986078679562	6.64816765114665
680000	0.3546142578125	5.145370565354824	23.149497613310814	8.276633843779564	15.331814877688885	5.693250767886639	7.938181824982166	3.3877510707825422	9.261125080287457	2.5319423638284206	13.31267423927784	6.664855811744928
690000	0.35565185546875	5.142374750226736	23.115519553422928	8.242655783891678	15.315076418220997	5.676512308418751	7.930836975574493	3.3804062213748693	9.251927770674229	2.522745054215193	13.297713540494442	6.649895112961531
700000	0.3568115234375	5.141195800155401	23.152169212698936	8.279305443167686	15.325353175401688	5.6867890655994415	7.935984626412392	3.3855538722127676	9.25949925929308	2.5303165428340435	13.303232371807098	6.655413944274187
710000	0.3564453125	5.140617156401277	23.121278002858162	8.248414233326912	15.320599749684334	5.682035639882088	7.933827221393585	3.383396467193961	9.257189393043518	2.528006676584482	13.298992410302162	6.651173982769251
720000	0.3568115234375	5.14064821600914	23.155848994851112	8.282985225319862	15.3331840634346	5.694619953632355	7.938064739108086	3.3876339849084616	9.262173116207123	2.532990399748087	13.314640626311302	6.666822198778391
730000	0.35699462890625	5.138314304873347	23.141625344753265	8.268761575222015	15.33657094836235	5.698006838560104	7.936216063797474	3.38578530959785	9.263617970049381	2.5344352535903454	13.309876635670662	6.662058208137751
740000	0.35638427734375	5.139555210247636	23.160805135965347	8.287941366434097	15.344261698424816	5.70569758862257	7.940501231700182	3.390070477500558	9.26736667752266	2.5381839610636234	13.320050194859505	6.672231767326593
750000	0.35699462890625	5.137530213221908	23.15276649594307	8.27990272641182	15.330491967499256	5.69192785769701	7.9357387982308865	3.3853080440312624	9.262407213449478	2.5332244969904423	13.306378051638603	6.658559624105692
760000	0.35650634765625	5.1360068041831255	23.149649664759636	8.276785895228386	15.336865916848183	5.698301807045937	7.935397531837225	3.384966777637601	9.264314353466034	2.535131637006998	13.30973668396473	6.661918256431818
770000	0.3564453125	5.133515950292349	23.166985601186752	8.294121831655502	15.337769471108913	5.699205361306667	7.940888959914446	3.390458205714822	9.270960882306099	2.541778165847063	13.311622306704521	6.66380387917161
780000	0.35662841796875	5.132587064057589	23.179025813937187	8.306162044405937	15.339927166700363	5.701363056898117	7.9424440413713455	3.3920132871717215	9.27279980480671	2.5436170883476734	13.317923806607723	6.670105379074812
790000	0.3560791015625	5.133088963106275	23.171401783823967	8.298538014292717	15.346641533076763	5.708077423274517	7.942185990512371	3.391755236312747	9.272670365869999	2.543487649410963	13.31833727657795	6.670518849045038
800000	0.3580322265625	5.130710354074836	23.174126148223877	8.301262378692627	15.357144810259342	5.718580700457096	7.9453632310032845	3.3949324768036604	9.277842797338963	2.5486600808799267	13.328780055046082	6.68096162751317
810000	0.3568115234375	5.129486760124564	23.149440690875053	8.276576921343803	15.336858607828617	5.698294498026371	7.941083252429962	3.390652498230338	9.272697426378727	2.543514709919691	13.309627167880535	6.661808740347624
820000	0.35797119140625	5.129733210429549	23.16261900961399	8.28975524008274	15.345357969403267	5.706793859601021	7.9411185421049595	3.3906877879053354	9.274102061986923	2.5449193455278873	13.317145496606827	6.6693270690739155
830000	0.35906982421875	5.128954311832786	23.176835417747498	8.303971648216248	15.352143608033657	5.713579498231411	7.945753898471594	3.39532314427197	9.278531983494759	2.5493492670357227	13.325349859893322	6.677531432360411
840000	0.35748291015625	5.12837528064847	23.16164243221283	8.28877866268158	15.338611014187336	5.70004690438509	7.940534759312868	3.390104005113244	9.271545894443989	2.542363177984953	13.312398687005043	6.664580259472132
850000	0.3577880859375	5.127368934452534	23.186846628785133	8.313982859253883	15.362189419567585	5.723625309765339	7.946697931736708	3.3962671775370836	9.280685894191265	2.5515031777322292	13.331710189580917	6.683891762048006
860000	0.35772705078125	5.128038391470909	23.19006508588791	8.317201316356659	15.35684198886156	5.718277879059315	7.949441932141781	3.399011177942157	9.282725892961025	2.5535431765019894	13.328806303441525	6.680987875908613
870000	0.35748291015625	5.126562878489494	23.16413514316082	8.29127137362957	15.35441318154335	5.715849071741104	7.946133304387331	3.395702550187707	9.280632361769676	2.5514496453106403	13.327870979905128	6.680052552372217
880000	0.3572998046875	5.1259313970804214	23.193614795804024	8.320751026272774	15.36188792437315	5.723323814570904	7.950644116848707	3.400213362649083	9.285183921456337	2.556001204997301	13.334631517529488	6.686813089996576
890000	0.35797119140625	5.124964257702231	23.1707623898983	8.29789862036705	15.355369806289673	5.716805696487427	7.9480398297309875	3.3976090755313635	9.281870611011982	2.552687894552946	13.326800882816315	6.678982455283403
900000	0.3575439453125	5.124012682586908	23.191186398267746	8.318322628736496	15.358046658337116	5.71948254853487	7.949401043355465	3.398970289155841	9.284197561442852	2.555014844983816	13.32841531187296	6.680596884340048
910000	0.357177734375	5.123239688575268	23.186509236693382	8.313645467162132	15.359932489693165	5.721368379890919	7.950855664908886	3.400424910709262	9.285348780453205	2.5561660639941692	13.331551007926464	6.683732580393553
920000	0.3585205078125	5.123469730839133	23.198503404855728	8.325639635324478	15.367327608168125	5.728763498365879	7.952716656029224	3.4022859018296003	9.289006315171719	2.5598235987126827	13.339576110243797	6.691757682710886
930000	0.35772705078125	5.123004134744406	23.18791988492012	8.31505611538887	15.371777705848217	5.733213596045971	7.952905368059874	3.4024746138602495	9.290154196321964	2.5609714798629284	13.340001188218594	6.692182760685682
940000	0.3575439453125	5.122825412079692	23.182080268859863	8.309216499328613	15.363170638680458	5.724606528878212	7.95044794306159	3.400017188861966	9.286891393363476	2.55770867690444	13.333504751324654	6.685686323791742
950000	0.35784912109375	5.12194187194109	23.190252751111984	8.317388981580734	15.362606711685658	5.724042601883411	7.950243350118399	3.3998125959187746	9.286325432360172	2.5571427159011364	13.333271920681	6.6854534931480885
960000	0.35821533203125	5.121700935065746	23.199862509965897	8.326998740434647	15.371721476316452	5.733157366514206	7.95183989405632	3.401409139856696	9.288845874369144	2.5596631579101086	13.339810736477375	6.691992308944464
970000	0.3577880859375	5.121440814808011	23.196800634264946	8.323936864733696	15.369468338787556	5.73090422898531	7.951986610889435	3.4015558566898108	9.28958947211504	2.560406755656004	13.338750928640366	6.690932501107454
980000	0.3580322265625	5.12089460156858	23.198409259319305	8.325545489788055	15.370030716061592	5.731466606259346	7.952692564576864	3.40226181037724	9.290366403758526	2.56118368729949	13.339650265872478	6.691831838339567
990000	0.35845947265625	5.120743500068784	23.199880003929138	8.327016234397888	15.375497847795486	5.73693373799324	7.953801773488522	3.4033710192888975	9.292464032769203	2.5632813163101673	13.34367761015892	6.695859182626009
1000000	0.35821533203125	5.120946316048503	23.19508634507656	8.322222575545311	15.369939714670181	5.731375604867935	7.952627561986446	3.4021968077868223	9.29012230783701	2.5609395913779736	13.339986935257912	6.692168507725
